1000
##start
start 9999 9999
##end
end 8888 8888
0 0 0
1 1 1
2 2 2
3 3 3
4 4 4
5 5 5
6 6 6
7 7 7
8 8 8
9 9 9
10 10 10
11 11 11
12 12 12
13 13 13
14 14 14
15 15 15
16 16 16
17 17 17
18 18 18
19 19 19
20 20 20
21 21 21
22 22 22
23 23 23
24 24 24
25 25 25
26 26 26
27 27 27
28 28 28
29 29 29
30 30 30
31 31 31
32 32 32
33 33 33
34 34 34
35 35 35
36 36 36
37 37 37
38 38 38
39 39 39
40 40 40
41 41 41
42 42 42
43 43 43
44 44 44
45 45 45
46 46 46
47 47 47
48 48 48
49 49 49
50 50 50
51 51 51
52 52 52
53 53 53
54 54 54
55 55 55
56 56 56
57 57 57
58 58 58
59 59 59
60 60 60
61 61 61
62 62 62
63 63 63
64 64 64
65 65 65
66 66 66
67 67 67
68 68 68
69 69 69
70 70 70
71 71 71
72 72 72
73 73 73
74 74 74
75 75 75
76 76 76
77 77 77
78 78 78
79 79 79
80 80 80
81 81 81
82 82 82
83 83 83
84 84 84
85 85 85
86 86 86
87 87 87
88 88 88
89 89 89
90 90 90
91 91 91
92 92 92
93 93 93
94 94 94
95 95 95
96 96 96
97 97 97
98 98 98
99 99 99
100 100 100
101 101 101
102 102 102
103 103 103
104 104 104
105 105 105
106 106 106
107 107 107
108 108 108
109 109 109
110 110 110
111 111 111
112 112 112
113 113 113
114 114 114
115 115 115
116 116 116
117 117 117
118 118 118
119 119 119
120 120 120
121 121 121
122 122 122
123 123 123
124 124 124
125 125 125
126 126 126
127 127 127
128 128 128
129 129 129
130 130 130
131 131 131
132 132 132
133 133 133
134 134 134
135 135 135
136 136 136
137 137 137
138 138 138
139 139 139
140 140 140
141 141 141
142 142 142
143 143 143
144 144 144
145 145 145
146 146 146
147 147 147
148 148 148
149 149 149
150 150 150
151 151 151
152 152 152
153 153 153
154 154 154
155 155 155
156 156 156
157 157 157
158 158 158
159 159 159
160 160 160
161 161 161
162 162 162
163 163 163
164 164 164
165 165 165
166 166 166
167 167 167
168 168 168
169 169 169
170 170 170
171 171 171
172 172 172
173 173 173
174 174 174
175 175 175
176 176 176
177 177 177
178 178 178
179 179 179
180 180 180
181 181 181
182 182 182
183 183 183
184 184 184
185 185 185
186 186 186
187 187 187
188 188 188
189 189 189
190 190 190
191 191 191
192 192 192
193 193 193
194 194 194
195 195 195
196 196 196
197 197 197
198 198 198
199 199 199
200 200 200
201 201 201
202 202 202
203 203 203
204 204 204
205 205 205
206 206 206
207 207 207
208 208 208
209 209 209
210 210 210
211 211 211
212 212 212
213 213 213
214 214 214
215 215 215
216 216 216
217 217 217
218 218 218
219 219 219
220 220 220
221 221 221
222 222 222
223 223 223
224 224 224
225 225 225
226 226 226
227 227 227
228 228 228
229 229 229
230 230 230
231 231 231
232 232 232
233 233 233
234 234 234
235 235 235
236 236 236
237 237 237
238 238 238
239 239 239
240 240 240
241 241 241
242 242 242
243 243 243
244 244 244
245 245 245
246 246 246
247 247 247
248 248 248
249 249 249
250 250 250
251 251 251
252 252 252
253 253 253
254 254 254
255 255 255
256 256 256
257 257 257
258 258 258
259 259 259
260 260 260
261 261 261
262 262 262
263 263 263
264 264 264
265 265 265
266 266 266
267 267 267
268 268 268
269 269 269
270 270 270
271 271 271
272 272 272
273 273 273
274 274 274
275 275 275
276 276 276
277 277 277
278 278 278
279 279 279
280 280 280
281 281 281
282 282 282
283 283 283
284 284 284
285 285 285
286 286 286
287 287 287
288 288 288
289 289 289
290 290 290
291 291 291
292 292 292
293 293 293
294 294 294
295 295 295
296 296 296
297 297 297
298 298 298
299 299 299
300 300 300
301 301 301
302 302 302
303 303 303
304 304 304
305 305 305
306 306 306
307 307 307
308 308 308
309 309 309
310 310 310
311 311 311
312 312 312
313 313 313
314 314 314
315 315 315
316 316 316
317 317 317
318 318 318
319 319 319
320 320 320
321 321 321
322 322 322
323 323 323
324 324 324
325 325 325
326 326 326
327 327 327
328 328 328
329 329 329
330 330 330
331 331 331
332 332 332
333 333 333
334 334 334
335 335 335
336 336 336
337 337 337
338 338 338
339 339 339
340 340 340
341 341 341
342 342 342
343 343 343
344 344 344
345 345 345
346 346 346
347 347 347
348 348 348
349 349 349
350 350 350
351 351 351
352 352 352
353 353 353
354 354 354
355 355 355
356 356 356
357 357 357
358 358 358
359 359 359
360 360 360
361 361 361
362 362 362
363 363 363
364 364 364
365 365 365
366 366 366
367 367 367
368 368 368
369 369 369
370 370 370
371 371 371
372 372 372
373 373 373
374 374 374
375 375 375
376 376 376
377 377 377
378 378 378
379 379 379
380 380 380
381 381 381
382 382 382
383 383 383
384 384 384
385 385 385
386 386 386
387 387 387
388 388 388
389 389 389
390 390 390
391 391 391
392 392 392
393 393 393
394 394 394
395 395 395
396 396 396
397 397 397
398 398 398
399 399 399
400 400 400
401 401 401
402 402 402
403 403 403
404 404 404
405 405 405
406 406 406
407 407 407
408 408 408
409 409 409
410 410 410
411 411 411
412 412 412
413 413 413
414 414 414
415 415 415
416 416 416
417 417 417
418 418 418
419 419 419
420 420 420
421 421 421
422 422 422
423 423 423
424 424 424
425 425 425
426 426 426
427 427 427
428 428 428
429 429 429
430 430 430
431 431 431
432 432 432
433 433 433
434 434 434
435 435 435
436 436 436
437 437 437
438 438 438
439 439 439
440 440 440
441 441 441
442 442 442
443 443 443
444 444 444
445 445 445
446 446 446
447 447 447
448 448 448
449 449 449
450 450 450
451 451 451
452 452 452
453 453 453
454 454 454
455 455 455
456 456 456
457 457 457
458 458 458
459 459 459
460 460 460
461 461 461
462 462 462
463 463 463
464 464 464
465 465 465
466 466 466
467 467 467
468 468 468
469 469 469
470 470 470
471 471 471
472 472 472
473 473 473
474 474 474
475 475 475
476 476 476
477 477 477
478 478 478
479 479 479
480 480 480
481 481 481
482 482 482
483 483 483
484 484 484
485 485 485
486 486 486
487 487 487
488 488 488
489 489 489
490 490 490
491 491 491
492 492 492
493 493 493
494 494 494
495 495 495
496 496 496
497 497 497
498 498 498
499 499 499
500 500 500
501 501 501
502 502 502
503 503 503
504 504 504
505 505 505
506 506 506
507 507 507
508 508 508
509 509 509
510 510 510
511 511 511
512 512 512
513 513 513
514 514 514
515 515 515
516 516 516
517 517 517
518 518 518
519 519 519
520 520 520
521 521 521
522 522 522
523 523 523
524 524 524
525 525 525
526 526 526
527 527 527
528 528 528
529 529 529
530 530 530
531 531 531
532 532 532
533 533 533
534 534 534
535 535 535
536 536 536
537 537 537
538 538 538
539 539 539
540 540 540
541 541 541
542 542 542
543 543 543
544 544 544
545 545 545
546 546 546
547 547 547
548 548 548
549 549 549
550 550 550
551 551 551
552 552 552
553 553 553
554 554 554
555 555 555
556 556 556
557 557 557
558 558 558
559 559 559
560 560 560
561 561 561
562 562 562
563 563 563
564 564 564
565 565 565
566 566 566
567 567 567
568 568 568
569 569 569
570 570 570
571 571 571
572 572 572
573 573 573
574 574 574
575 575 575
576 576 576
577 577 577
578 578 578
579 579 579
580 580 580
581 581 581
582 582 582
583 583 583
584 584 584
585 585 585
586 586 586
587 587 587
588 588 588
589 589 589
590 590 590
591 591 591
592 592 592
593 593 593
594 594 594
595 595 595
596 596 596
597 597 597
598 598 598
599 599 599
600 600 600
601 601 601
602 602 602
603 603 603
604 604 604
605 605 605
606 606 606
607 607 607
608 608 608
609 609 609
610 610 610
611 611 611
612 612 612
613 613 613
614 614 614
615 615 615
616 616 616
617 617 617
618 618 618
619 619 619
620 620 620
621 621 621
622 622 622
623 623 623
624 624 624
625 625 625
626 626 626
627 627 627
628 628 628
629 629 629
630 630 630
631 631 631
632 632 632
633 633 633
634 634 634
635 635 635
636 636 636
637 637 637
638 638 638
639 639 639
640 640 640
641 641 641
642 642 642
643 643 643
644 644 644
645 645 645
646 646 646
647 647 647
648 648 648
649 649 649
650 650 650
651 651 651
652 652 652
653 653 653
654 654 654
655 655 655
656 656 656
657 657 657
658 658 658
659 659 659
660 660 660
661 661 661
662 662 662
663 663 663
664 664 664
665 665 665
666 666 666
667 667 667
668 668 668
669 669 669
670 670 670
671 671 671
672 672 672
673 673 673
674 674 674
675 675 675
676 676 676
677 677 677
678 678 678
679 679 679
680 680 680
681 681 681
682 682 682
683 683 683
684 684 684
685 685 685
686 686 686
687 687 687
688 688 688
689 689 689
690 690 690
691 691 691
692 692 692
693 693 693
694 694 694
695 695 695
696 696 696
697 697 697
698 698 698
699 699 699
700 700 700
701 701 701
702 702 702
703 703 703
704 704 704
705 705 705
706 706 706
707 707 707
708 708 708
709 709 709
710 710 710
711 711 711
712 712 712
713 713 713
714 714 714
715 715 715
716 716 716
717 717 717
718 718 718
719 719 719
720 720 720
721 721 721
722 722 722
723 723 723
724 724 724
725 725 725
726 726 726
727 727 727
728 728 728
729 729 729
730 730 730
731 731 731
732 732 732
733 733 733
734 734 734
735 735 735
736 736 736
737 737 737
738 738 738
739 739 739
740 740 740
741 741 741
742 742 742
743 743 743
744 744 744
745 745 745
746 746 746
747 747 747
748 748 748
749 749 749
750 750 750
751 751 751
752 752 752
753 753 753
754 754 754
755 755 755
756 756 756
757 757 757
758 758 758
759 759 759
760 760 760
761 761 761
762 762 762
763 763 763
764 764 764
765 765 765
766 766 766
767 767 767
768 768 768
769 769 769
770 770 770
771 771 771
772 772 772
773 773 773
774 774 774
775 775 775
776 776 776
777 777 777
778 778 778
779 779 779
780 780 780
781 781 781
782 782 782
783 783 783
784 784 784
785 785 785
786 786 786
787 787 787
788 788 788
789 789 789
790 790 790
791 791 791
792 792 792
793 793 793
794 794 794
795 795 795
796 796 796
797 797 797
798 798 798
799 799 799
800 800 800
801 801 801
802 802 802
803 803 803
804 804 804
805 805 805
806 806 806
807 807 807
808 808 808
809 809 809
810 810 810
811 811 811
812 812 812
813 813 813
814 814 814
815 815 815
816 816 816
817 817 817
818 818 818
819 819 819
820 820 820
821 821 821
822 822 822
823 823 823
824 824 824
825 825 825
826 826 826
827 827 827
828 828 828
829 829 829
830 830 830
831 831 831
832 832 832
833 833 833
834 834 834
835 835 835
836 836 836
837 837 837
838 838 838
839 839 839
840 840 840
841 841 841
842 842 842
843 843 843
844 844 844
845 845 845
846 846 846
847 847 847
848 848 848
849 849 849
850 850 850
851 851 851
852 852 852
853 853 853
854 854 854
855 855 855
856 856 856
857 857 857
858 858 858
859 859 859
860 860 860
861 861 861
862 862 862
863 863 863
864 864 864
865 865 865
866 866 866
867 867 867
868 868 868
869 869 869
870 870 870
871 871 871
872 872 872
873 873 873
874 874 874
875 875 875
876 876 876
877 877 877
878 878 878
879 879 879
880 880 880
881 881 881
882 882 882
883 883 883
884 884 884
885 885 885
886 886 886
887 887 887
888 888 888
889 889 889
890 890 890
891 891 891
892 892 892
893 893 893
894 894 894
895 895 895
896 896 896
897 897 897
898 898 898
899 899 899
900 900 900
901 901 901
902 902 902
903 903 903
904 904 904
905 905 905
906 906 906
907 907 907
908 908 908
909 909 909
910 910 910
911 911 911
912 912 912
913 913 913
914 914 914
915 915 915
916 916 916
917 917 917
918 918 918
919 919 919
920 920 920
921 921 921
922 922 922
923 923 923
924 924 924
925 925 925
926 926 926
927 927 927
928 928 928
929 929 929
930 930 930
931 931 931
932 932 932
933 933 933
934 934 934
935 935 935
936 936 936
937 937 937
938 938 938
939 939 939
940 940 940
941 941 941
942 942 942
943 943 943
944 944 944
945 945 945
946 946 946
947 947 947
948 948 948
949 949 949
950 950 950
951 951 951
952 952 952
953 953 953
954 954 954
955 955 955
956 956 956
957 957 957
958 958 958
959 959 959
960 960 960
961 961 961
962 962 962
963 963 963
964 964 964
965 965 965
966 966 966
967 967 967
968 968 968
969 969 969
970 970 970
971 971 971
972 972 972
973 973 973
974 974 974
975 975 975
976 976 976
977 977 977
978 978 978
979 979 979
980 980 980
981 981 981
982 982 982
983 983 983
984 984 984
985 985 985
986 986 986
987 987 987
988 988 988
989 989 989
990 990 990
991 991 991
992 992 992
993 993 993
994 994 994
995 995 995
996 996 996
997 997 997
998 998 998
999 999 999
1000 1000 1000
1001 1001 1001
1002 1002 1002
1003 1003 1003
1004 1004 1004
1005 1005 1005
1006 1006 1006
1007 1007 1007
1008 1008 1008
1009 1009 1009
1010 1010 1010
1011 1011 1011
1012 1012 1012
1013 1013 1013
1014 1014 1014
1015 1015 1015
1016 1016 1016
1017 1017 1017
1018 1018 1018
1019 1019 1019
1020 1020 1020
1021 1021 1021
1022 1022 1022
1023 1023 1023
1024 1024 1024
1025 1025 1025
1026 1026 1026
1027 1027 1027
1028 1028 1028
1029 1029 1029
1030 1030 1030
1031 1031 1031
1032 1032 1032
1033 1033 1033
1034 1034 1034
1035 1035 1035
1036 1036 1036
1037 1037 1037
1038 1038 1038
1039 1039 1039
1040 1040 1040
1041 1041 1041
1042 1042 1042
1043 1043 1043
1044 1044 1044
1045 1045 1045
1046 1046 1046
1047 1047 1047
1048 1048 1048
1049 1049 1049
1050 1050 1050
1051 1051 1051
1052 1052 1052
1053 1053 1053
1054 1054 1054
1055 1055 1055
1056 1056 1056
1057 1057 1057
1058 1058 1058
1059 1059 1059
1060 1060 1060
1061 1061 1061
1062 1062 1062
1063 1063 1063
1064 1064 1064
1065 1065 1065
1066 1066 1066
1067 1067 1067
1068 1068 1068
1069 1069 1069
1070 1070 1070
1071 1071 1071
1072 1072 1072
1073 1073 1073
1074 1074 1074
1075 1075 1075
1076 1076 1076
1077 1077 1077
1078 1078 1078
1079 1079 1079
1080 1080 1080
1081 1081 1081
1082 1082 1082
1083 1083 1083
1084 1084 1084
1085 1085 1085
1086 1086 1086
1087 1087 1087
1088 1088 1088
1089 1089 1089
1090 1090 1090
1091 1091 1091
1092 1092 1092
1093 1093 1093
1094 1094 1094
1095 1095 1095
1096 1096 1096
1097 1097 1097
1098 1098 1098
1099 1099 1099
1100 1100 1100
1101 1101 1101
1102 1102 1102
1103 1103 1103
1104 1104 1104
1105 1105 1105
1106 1106 1106
1107 1107 1107
1108 1108 1108
1109 1109 1109
1110 1110 1110
1111 1111 1111
1112 1112 1112
1113 1113 1113
1114 1114 1114
1115 1115 1115
1116 1116 1116
1117 1117 1117
1118 1118 1118
1119 1119 1119
1120 1120 1120
1121 1121 1121
1122 1122 1122
1123 1123 1123
1124 1124 1124
1125 1125 1125
1126 1126 1126
1127 1127 1127
1128 1128 1128
1129 1129 1129
1130 1130 1130
1131 1131 1131
1132 1132 1132
1133 1133 1133
1134 1134 1134
1135 1135 1135
1136 1136 1136
1137 1137 1137
1138 1138 1138
1139 1139 1139
1140 1140 1140
1141 1141 1141
1142 1142 1142
1143 1143 1143
1144 1144 1144
1145 1145 1145
1146 1146 1146
1147 1147 1147
1148 1148 1148
1149 1149 1149
1150 1150 1150
1151 1151 1151
1152 1152 1152
1153 1153 1153
1154 1154 1154
1155 1155 1155
1156 1156 1156
1157 1157 1157
1158 1158 1158
1159 1159 1159
1160 1160 1160
1161 1161 1161
1162 1162 1162
1163 1163 1163
1164 1164 1164
1165 1165 1165
1166 1166 1166
1167 1167 1167
1168 1168 1168
1169 1169 1169
1170 1170 1170
1171 1171 1171
1172 1172 1172
1173 1173 1173
1174 1174 1174
1175 1175 1175
1176 1176 1176
1177 1177 1177
1178 1178 1178
1179 1179 1179
1180 1180 1180
1181 1181 1181
1182 1182 1182
1183 1183 1183
1184 1184 1184
1185 1185 1185
1186 1186 1186
1187 1187 1187
1188 1188 1188
1189 1189 1189
1190 1190 1190
1191 1191 1191
1192 1192 1192
1193 1193 1193
1194 1194 1194
1195 1195 1195
1196 1196 1196
1197 1197 1197
1198 1198 1198
1199 1199 1199
1200 1200 1200
1201 1201 1201
1202 1202 1202
1203 1203 1203
1204 1204 1204
1205 1205 1205
1206 1206 1206
1207 1207 1207
1208 1208 1208
1209 1209 1209
1210 1210 1210
1211 1211 1211
1212 1212 1212
1213 1213 1213
1214 1214 1214
1215 1215 1215
1216 1216 1216
1217 1217 1217
1218 1218 1218
1219 1219 1219
1220 1220 1220
1221 1221 1221
1222 1222 1222
1223 1223 1223
1224 1224 1224
1225 1225 1225
1226 1226 1226
1227 1227 1227
1228 1228 1228
1229 1229 1229
1230 1230 1230
1231 1231 1231
1232 1232 1232
1233 1233 1233
1234 1234 1234
1235 1235 1235
1236 1236 1236
1237 1237 1237
1238 1238 1238
1239 1239 1239
1240 1240 1240
1241 1241 1241
1242 1242 1242
1243 1243 1243
1244 1244 1244
1245 1245 1245
1246 1246 1246
1247 1247 1247
1248 1248 1248
1249 1249 1249
1250 1250 1250
1251 1251 1251
1252 1252 1252
1253 1253 1253
1254 1254 1254
1255 1255 1255
1256 1256 1256
1257 1257 1257
1258 1258 1258
1259 1259 1259
1260 1260 1260
1261 1261 1261
1262 1262 1262
1263 1263 1263
1264 1264 1264
1265 1265 1265
1266 1266 1266
1267 1267 1267
1268 1268 1268
1269 1269 1269
1270 1270 1270
1271 1271 1271
1272 1272 1272
1273 1273 1273
1274 1274 1274
1275 1275 1275
1276 1276 1276
1277 1277 1277
1278 1278 1278
1279 1279 1279
1280 1280 1280
1281 1281 1281
1282 1282 1282
1283 1283 1283
1284 1284 1284
1285 1285 1285
1286 1286 1286
1287 1287 1287
1288 1288 1288
1289 1289 1289
1290 1290 1290
1291 1291 1291
1292 1292 1292
1293 1293 1293
1294 1294 1294
1295 1295 1295
1296 1296 1296
1297 1297 1297
1298 1298 1298
1299 1299 1299
1300 1300 1300
1301 1301 1301
1302 1302 1302
1303 1303 1303
1304 1304 1304
1305 1305 1305
1306 1306 1306
1307 1307 1307
1308 1308 1308
1309 1309 1309
1310 1310 1310
1311 1311 1311
1312 1312 1312
1313 1313 1313
1314 1314 1314
1315 1315 1315
1316 1316 1316
1317 1317 1317
1318 1318 1318
1319 1319 1319
1320 1320 1320
1321 1321 1321
1322 1322 1322
1323 1323 1323
1324 1324 1324
1325 1325 1325
1326 1326 1326
1327 1327 1327
1328 1328 1328
1329 1329 1329
1330 1330 1330
1331 1331 1331
1332 1332 1332
1333 1333 1333
1334 1334 1334
1335 1335 1335
1336 1336 1336
1337 1337 1337
1338 1338 1338
1339 1339 1339
1340 1340 1340
1341 1341 1341
1342 1342 1342
1343 1343 1343
1344 1344 1344
1345 1345 1345
1346 1346 1346
1347 1347 1347
1348 1348 1348
1349 1349 1349
1350 1350 1350
1351 1351 1351
1352 1352 1352
1353 1353 1353
1354 1354 1354
1355 1355 1355
1356 1356 1356
1357 1357 1357
1358 1358 1358
1359 1359 1359
1360 1360 1360
1361 1361 1361
1362 1362 1362
1363 1363 1363
1364 1364 1364
1365 1365 1365
1366 1366 1366
1367 1367 1367
1368 1368 1368
1369 1369 1369
1370 1370 1370
1371 1371 1371
1372 1372 1372
1373 1373 1373
1374 1374 1374
1375 1375 1375
1376 1376 1376
1377 1377 1377
1378 1378 1378
1379 1379 1379
1380 1380 1380
1381 1381 1381
1382 1382 1382
1383 1383 1383
1384 1384 1384
1385 1385 1385
1386 1386 1386
1387 1387 1387
1388 1388 1388
1389 1389 1389
1390 1390 1390
1391 1391 1391
1392 1392 1392
1393 1393 1393
1394 1394 1394
1395 1395 1395
1396 1396 1396
1397 1397 1397
1398 1398 1398
1399 1399 1399
1400 1400 1400
1401 1401 1401
1402 1402 1402
1403 1403 1403
1404 1404 1404
1405 1405 1405
1406 1406 1406
1407 1407 1407
1408 1408 1408
1409 1409 1409
1410 1410 1410
1411 1411 1411
1412 1412 1412
1413 1413 1413
1414 1414 1414
1415 1415 1415
1416 1416 1416
1417 1417 1417
1418 1418 1418
1419 1419 1419
1420 1420 1420
1421 1421 1421
1422 1422 1422
1423 1423 1423
1424 1424 1424
1425 1425 1425
1426 1426 1426
1427 1427 1427
1428 1428 1428
1429 1429 1429
1430 1430 1430
1431 1431 1431
1432 1432 1432
1433 1433 1433
1434 1434 1434
1435 1435 1435
1436 1436 1436
1437 1437 1437
1438 1438 1438
1439 1439 1439
1440 1440 1440
1441 1441 1441
1442 1442 1442
1443 1443 1443
1444 1444 1444
1445 1445 1445
1446 1446 1446
1447 1447 1447
1448 1448 1448
1449 1449 1449
1450 1450 1450
1451 1451 1451
1452 1452 1452
1453 1453 1453
1454 1454 1454
1455 1455 1455
1456 1456 1456
1457 1457 1457
1458 1458 1458
1459 1459 1459
1460 1460 1460
1461 1461 1461
1462 1462 1462
1463 1463 1463
1464 1464 1464
1465 1465 1465
1466 1466 1466
1467 1467 1467
1468 1468 1468
1469 1469 1469
1470 1470 1470
1471 1471 1471
1472 1472 1472
1473 1473 1473
1474 1474 1474
1475 1475 1475
1476 1476 1476
1477 1477 1477
1478 1478 1478
1479 1479 1479
1480 1480 1480
1481 1481 1481
1482 1482 1482
1483 1483 1483
1484 1484 1484
1485 1485 1485
1486 1486 1486
1487 1487 1487
1488 1488 1488
1489 1489 1489
1490 1490 1490
1491 1491 1491
1492 1492 1492
1493 1493 1493
1494 1494 1494
1495 1495 1495
1496 1496 1496
1497 1497 1497
1498 1498 1498
1499 1499 1499
1500 1500 1500
1501 1501 1501
1502 1502 1502
1503 1503 1503
1504 1504 1504
1505 1505 1505
1506 1506 1506
1507 1507 1507
1508 1508 1508
1509 1509 1509
1510 1510 1510
1511 1511 1511
1512 1512 1512
1513 1513 1513
1514 1514 1514
1515 1515 1515
1516 1516 1516
1517 1517 1517
1518 1518 1518
1519 1519 1519
1520 1520 1520
1521 1521 1521
1522 1522 1522
1523 1523 1523
1524 1524 1524
1525 1525 1525
1526 1526 1526
1527 1527 1527
1528 1528 1528
1529 1529 1529
1530 1530 1530
1531 1531 1531
1532 1532 1532
1533 1533 1533
1534 1534 1534
1535 1535 1535
1536 1536 1536
1537 1537 1537
1538 1538 1538
1539 1539 1539
1540 1540 1540
1541 1541 1541
1542 1542 1542
1543 1543 1543
1544 1544 1544
1545 1545 1545
1546 1546 1546
1547 1547 1547
1548 1548 1548
1549 1549 1549
1550 1550 1550
1551 1551 1551
1552 1552 1552
1553 1553 1553
1554 1554 1554
1555 1555 1555
1556 1556 1556
1557 1557 1557
1558 1558 1558
1559 1559 1559
1560 1560 1560
1561 1561 1561
1562 1562 1562
1563 1563 1563
1564 1564 1564
1565 1565 1565
1566 1566 1566
1567 1567 1567
1568 1568 1568
1569 1569 1569
1570 1570 1570
1571 1571 1571
1572 1572 1572
1573 1573 1573
1574 1574 1574
1575 1575 1575
1576 1576 1576
1577 1577 1577
1578 1578 1578
1579 1579 1579
1580 1580 1580
1581 1581 1581
1582 1582 1582
1583 1583 1583
1584 1584 1584
1585 1585 1585
1586 1586 1586
1587 1587 1587
1588 1588 1588
1589 1589 1589
1590 1590 1590
1591 1591 1591
1592 1592 1592
1593 1593 1593
1594 1594 1594
1595 1595 1595
1596 1596 1596
1597 1597 1597
1598 1598 1598
1599 1599 1599
1600 1600 1600
1601 1601 1601
1602 1602 1602
1603 1603 1603
1604 1604 1604
1605 1605 1605
1606 1606 1606
1607 1607 1607
1608 1608 1608
1609 1609 1609
1610 1610 1610
1611 1611 1611
1612 1612 1612
1613 1613 1613
1614 1614 1614
1615 1615 1615
1616 1616 1616
1617 1617 1617
1618 1618 1618
1619 1619 1619
1620 1620 1620
1621 1621 1621
1622 1622 1622
1623 1623 1623
1624 1624 1624
1625 1625 1625
1626 1626 1626
1627 1627 1627
1628 1628 1628
1629 1629 1629
1630 1630 1630
1631 1631 1631
1632 1632 1632
1633 1633 1633
1634 1634 1634
1635 1635 1635
1636 1636 1636
1637 1637 1637
1638 1638 1638
1639 1639 1639
1640 1640 1640
1641 1641 1641
1642 1642 1642
1643 1643 1643
1644 1644 1644
1645 1645 1645
1646 1646 1646
1647 1647 1647
1648 1648 1648
1649 1649 1649
1650 1650 1650
1651 1651 1651
1652 1652 1652
1653 1653 1653
1654 1654 1654
1655 1655 1655
1656 1656 1656
1657 1657 1657
1658 1658 1658
1659 1659 1659
1660 1660 1660
1661 1661 1661
1662 1662 1662
1663 1663 1663
1664 1664 1664
1665 1665 1665
1666 1666 1666
1667 1667 1667
1668 1668 1668
1669 1669 1669
1670 1670 1670
1671 1671 1671
1672 1672 1672
1673 1673 1673
1674 1674 1674
1675 1675 1675
1676 1676 1676
1677 1677 1677
1678 1678 1678
1679 1679 1679
1680 1680 1680
1681 1681 1681
1682 1682 1682
1683 1683 1683
1684 1684 1684
1685 1685 1685
1686 1686 1686
1687 1687 1687
1688 1688 1688
1689 1689 1689
1690 1690 1690
1691 1691 1691
1692 1692 1692
1693 1693 1693
1694 1694 1694
1695 1695 1695
1696 1696 1696
1697 1697 1697
1698 1698 1698
1699 1699 1699
1700 1700 1700
1701 1701 1701
1702 1702 1702
1703 1703 1703
1704 1704 1704
1705 1705 1705
1706 1706 1706
1707 1707 1707
1708 1708 1708
1709 1709 1709
1710 1710 1710
1711 1711 1711
1712 1712 1712
1713 1713 1713
1714 1714 1714
1715 1715 1715
1716 1716 1716
1717 1717 1717
1718 1718 1718
1719 1719 1719
1720 1720 1720
1721 1721 1721
1722 1722 1722
1723 1723 1723
1724 1724 1724
1725 1725 1725
1726 1726 1726
1727 1727 1727
1728 1728 1728
1729 1729 1729
1730 1730 1730
1731 1731 1731
1732 1732 1732
1733 1733 1733
1734 1734 1734
1735 1735 1735
1736 1736 1736
1737 1737 1737
1738 1738 1738
1739 1739 1739
1740 1740 1740
1741 1741 1741
1742 1742 1742
1743 1743 1743
1744 1744 1744
1745 1745 1745
1746 1746 1746
1747 1747 1747
1748 1748 1748
1749 1749 1749
1750 1750 1750
1751 1751 1751
1752 1752 1752
1753 1753 1753
1754 1754 1754
1755 1755 1755
1756 1756 1756
1757 1757 1757
1758 1758 1758
1759 1759 1759
1760 1760 1760
1761 1761 1761
1762 1762 1762
1763 1763 1763
1764 1764 1764
1765 1765 1765
1766 1766 1766
1767 1767 1767
1768 1768 1768
1769 1769 1769
1770 1770 1770
1771 1771 1771
1772 1772 1772
1773 1773 1773
1774 1774 1774
1775 1775 1775
1776 1776 1776
1777 1777 1777
1778 1778 1778
1779 1779 1779
1780 1780 1780
1781 1781 1781
1782 1782 1782
1783 1783 1783
1784 1784 1784
1785 1785 1785
1786 1786 1786
1787 1787 1787
1788 1788 1788
1789 1789 1789
1790 1790 1790
1791 1791 1791
1792 1792 1792
1793 1793 1793
1794 1794 1794
1795 1795 1795
1796 1796 1796
1797 1797 1797
1798 1798 1798
1799 1799 1799
1800 1800 1800
1801 1801 1801
1802 1802 1802
1803 1803 1803
1804 1804 1804
1805 1805 1805
1806 1806 1806
1807 1807 1807
1808 1808 1808
1809 1809 1809
1810 1810 1810
1811 1811 1811
1812 1812 1812
1813 1813 1813
1814 1814 1814
1815 1815 1815
1816 1816 1816
1817 1817 1817
1818 1818 1818
1819 1819 1819
1820 1820 1820
1821 1821 1821
1822 1822 1822
1823 1823 1823
1824 1824 1824
1825 1825 1825
1826 1826 1826
1827 1827 1827
1828 1828 1828
1829 1829 1829
1830 1830 1830
1831 1831 1831
1832 1832 1832
1833 1833 1833
1834 1834 1834
1835 1835 1835
1836 1836 1836
1837 1837 1837
1838 1838 1838
1839 1839 1839
1840 1840 1840
1841 1841 1841
1842 1842 1842
1843 1843 1843
1844 1844 1844
1845 1845 1845
1846 1846 1846
1847 1847 1847
1848 1848 1848
1849 1849 1849
1850 1850 1850
1851 1851 1851
1852 1852 1852
1853 1853 1853
1854 1854 1854
1855 1855 1855
1856 1856 1856
1857 1857 1857
1858 1858 1858
1859 1859 1859
1860 1860 1860
1861 1861 1861
1862 1862 1862
1863 1863 1863
1864 1864 1864
1865 1865 1865
1866 1866 1866
1867 1867 1867
1868 1868 1868
1869 1869 1869
1870 1870 1870
1871 1871 1871
1872 1872 1872
1873 1873 1873
1874 1874 1874
1875 1875 1875
1876 1876 1876
1877 1877 1877
1878 1878 1878
1879 1879 1879
1880 1880 1880
1881 1881 1881
1882 1882 1882
1883 1883 1883
1884 1884 1884
1885 1885 1885
1886 1886 1886
1887 1887 1887
1888 1888 1888
1889 1889 1889
1890 1890 1890
1891 1891 1891
1892 1892 1892
1893 1893 1893
1894 1894 1894
1895 1895 1895
1896 1896 1896
1897 1897 1897
1898 1898 1898
1899 1899 1899
1900 1900 1900
1901 1901 1901
1902 1902 1902
1903 1903 1903
1904 1904 1904
1905 1905 1905
1906 1906 1906
1907 1907 1907
1908 1908 1908
1909 1909 1909
1910 1910 1910
1911 1911 1911
1912 1912 1912
1913 1913 1913
1914 1914 1914
1915 1915 1915
1916 1916 1916
1917 1917 1917
1918 1918 1918
1919 1919 1919
1920 1920 1920
1921 1921 1921
1922 1922 1922
1923 1923 1923
1924 1924 1924
1925 1925 1925
1926 1926 1926
1927 1927 1927
1928 1928 1928
1929 1929 1929
1930 1930 1930
1931 1931 1931
1932 1932 1932
1933 1933 1933
1934 1934 1934
1935 1935 1935
1936 1936 1936
1937 1937 1937
1938 1938 1938
1939 1939 1939
1940 1940 1940
1941 1941 1941
1942 1942 1942
1943 1943 1943
1944 1944 1944
1945 1945 1945
1946 1946 1946
1947 1947 1947
1948 1948 1948
1949 1949 1949
1950 1950 1950
1951 1951 1951
1952 1952 1952
1953 1953 1953
1954 1954 1954
1955 1955 1955
1956 1956 1956
1957 1957 1957
1958 1958 1958
1959 1959 1959
1960 1960 1960
1961 1961 1961
1962 1962 1962
1963 1963 1963
1964 1964 1964
1965 1965 1965
1966 1966 1966
1967 1967 1967
1968 1968 1968
1969 1969 1969
1970 1970 1970
1971 1971 1971
1972 1972 1972
1973 1973 1973
1974 1974 1974
1975 1975 1975
1976 1976 1976
1977 1977 1977
1978 1978 1978
1979 1979 1979
1980 1980 1980
1981 1981 1981
1982 1982 1982
1983 1983 1983
1984 1984 1984
1985 1985 1985
1986 1986 1986
1987 1987 1987
1988 1988 1988
1989 1989 1989
1990 1990 1990
1991 1991 1991
1992 1992 1992
1993 1993 1993
1994 1994 1994
1995 1995 1995
1996 1996 1996
1997 1997 1997
1998 1998 1998
1999 1999 1999
2000 2000 2000
2001 2001 2001
2002 2002 2002
2003 2003 2003
2004 2004 2004
2005 2005 2005
2006 2006 2006
2007 2007 2007
2008 2008 2008
2009 2009 2009
2010 2010 2010
2011 2011 2011
2012 2012 2012
2013 2013 2013
2014 2014 2014
2015 2015 2015
2016 2016 2016
2017 2017 2017
2018 2018 2018
2019 2019 2019
2020 2020 2020
2021 2021 2021
2022 2022 2022
2023 2023 2023
2024 2024 2024
2025 2025 2025
2026 2026 2026
2027 2027 2027
2028 2028 2028
2029 2029 2029
2030 2030 2030
2031 2031 2031
2032 2032 2032
2033 2033 2033
2034 2034 2034
2035 2035 2035
2036 2036 2036
2037 2037 2037
2038 2038 2038
2039 2039 2039
2040 2040 2040
2041 2041 2041
2042 2042 2042
2043 2043 2043
2044 2044 2044
2045 2045 2045
2046 2046 2046
2047 2047 2047
2048 2048 2048
2049 2049 2049
2050 2050 2050
2051 2051 2051
2052 2052 2052
2053 2053 2053
2054 2054 2054
2055 2055 2055
2056 2056 2056
2057 2057 2057
2058 2058 2058
2059 2059 2059
2060 2060 2060
2061 2061 2061
2062 2062 2062
2063 2063 2063
2064 2064 2064
2065 2065 2065
2066 2066 2066
2067 2067 2067
2068 2068 2068
2069 2069 2069
2070 2070 2070
2071 2071 2071
2072 2072 2072
2073 2073 2073
2074 2074 2074
2075 2075 2075
2076 2076 2076
2077 2077 2077
2078 2078 2078
2079 2079 2079
2080 2080 2080
2081 2081 2081
2082 2082 2082
2083 2083 2083
2084 2084 2084
2085 2085 2085
2086 2086 2086
2087 2087 2087
2088 2088 2088
2089 2089 2089
2090 2090 2090
2091 2091 2091
2092 2092 2092
2093 2093 2093
2094 2094 2094
2095 2095 2095
2096 2096 2096
2097 2097 2097
2098 2098 2098
2099 2099 2099
2100 2100 2100
2101 2101 2101
2102 2102 2102
2103 2103 2103
2104 2104 2104
2105 2105 2105
2106 2106 2106
2107 2107 2107
2108 2108 2108
2109 2109 2109
2110 2110 2110
2111 2111 2111
2112 2112 2112
2113 2113 2113
2114 2114 2114
2115 2115 2115
2116 2116 2116
2117 2117 2117
2118 2118 2118
2119 2119 2119
2120 2120 2120
2121 2121 2121
2122 2122 2122
2123 2123 2123
2124 2124 2124
2125 2125 2125
2126 2126 2126
2127 2127 2127
2128 2128 2128
2129 2129 2129
2130 2130 2130
2131 2131 2131
2132 2132 2132
2133 2133 2133
2134 2134 2134
2135 2135 2135
2136 2136 2136
2137 2137 2137
2138 2138 2138
2139 2139 2139
2140 2140 2140
2141 2141 2141
2142 2142 2142
2143 2143 2143
2144 2144 2144
2145 2145 2145
2146 2146 2146
2147 2147 2147
2148 2148 2148
2149 2149 2149
2150 2150 2150
2151 2151 2151
2152 2152 2152
2153 2153 2153
2154 2154 2154
2155 2155 2155
2156 2156 2156
2157 2157 2157
2158 2158 2158
2159 2159 2159
2160 2160 2160
2161 2161 2161
2162 2162 2162
2163 2163 2163
2164 2164 2164
2165 2165 2165
2166 2166 2166
2167 2167 2167
2168 2168 2168
2169 2169 2169
2170 2170 2170
2171 2171 2171
2172 2172 2172
2173 2173 2173
2174 2174 2174
2175 2175 2175
2176 2176 2176
2177 2177 2177
2178 2178 2178
2179 2179 2179
2180 2180 2180
2181 2181 2181
2182 2182 2182
2183 2183 2183
2184 2184 2184
2185 2185 2185
2186 2186 2186
2187 2187 2187
2188 2188 2188
2189 2189 2189
2190 2190 2190
2191 2191 2191
2192 2192 2192
2193 2193 2193
2194 2194 2194
2195 2195 2195
2196 2196 2196
2197 2197 2197
2198 2198 2198
2199 2199 2199
2200 2200 2200
2201 2201 2201
2202 2202 2202
2203 2203 2203
2204 2204 2204
2205 2205 2205
2206 2206 2206
2207 2207 2207
2208 2208 2208
2209 2209 2209
2210 2210 2210
2211 2211 2211
2212 2212 2212
2213 2213 2213
2214 2214 2214
2215 2215 2215
2216 2216 2216
2217 2217 2217
2218 2218 2218
2219 2219 2219
2220 2220 2220
2221 2221 2221
2222 2222 2222
2223 2223 2223
2224 2224 2224
2225 2225 2225
2226 2226 2226
2227 2227 2227
2228 2228 2228
2229 2229 2229
2230 2230 2230
2231 2231 2231
2232 2232 2232
2233 2233 2233
2234 2234 2234
2235 2235 2235
2236 2236 2236
2237 2237 2237
2238 2238 2238
2239 2239 2239
2240 2240 2240
2241 2241 2241
2242 2242 2242
2243 2243 2243
2244 2244 2244
2245 2245 2245
2246 2246 2246
2247 2247 2247
2248 2248 2248
2249 2249 2249
2250 2250 2250
2251 2251 2251
2252 2252 2252
2253 2253 2253
2254 2254 2254
2255 2255 2255
2256 2256 2256
2257 2257 2257
2258 2258 2258
2259 2259 2259
2260 2260 2260
2261 2261 2261
2262 2262 2262
2263 2263 2263
2264 2264 2264
2265 2265 2265
2266 2266 2266
2267 2267 2267
2268 2268 2268
2269 2269 2269
2270 2270 2270
2271 2271 2271
2272 2272 2272
2273 2273 2273
2274 2274 2274
2275 2275 2275
2276 2276 2276
2277 2277 2277
2278 2278 2278
2279 2279 2279
2280 2280 2280
2281 2281 2281
2282 2282 2282
2283 2283 2283
2284 2284 2284
2285 2285 2285
2286 2286 2286
2287 2287 2287
2288 2288 2288
2289 2289 2289
2290 2290 2290
2291 2291 2291
2292 2292 2292
2293 2293 2293
2294 2294 2294
2295 2295 2295
2296 2296 2296
2297 2297 2297
2298 2298 2298
2299 2299 2299
2300 2300 2300
2301 2301 2301
2302 2302 2302
2303 2303 2303
2304 2304 2304
2305 2305 2305
2306 2306 2306
2307 2307 2307
2308 2308 2308
2309 2309 2309
2310 2310 2310
2311 2311 2311
2312 2312 2312
2313 2313 2313
2314 2314 2314
2315 2315 2315
2316 2316 2316
2317 2317 2317
2318 2318 2318
2319 2319 2319
2320 2320 2320
2321 2321 2321
2322 2322 2322
2323 2323 2323
2324 2324 2324
2325 2325 2325
2326 2326 2326
2327 2327 2327
2328 2328 2328
2329 2329 2329
2330 2330 2330
2331 2331 2331
2332 2332 2332
2333 2333 2333
2334 2334 2334
2335 2335 2335
2336 2336 2336
2337 2337 2337
2338 2338 2338
2339 2339 2339
2340 2340 2340
2341 2341 2341
2342 2342 2342
2343 2343 2343
2344 2344 2344
2345 2345 2345
2346 2346 2346
2347 2347 2347
2348 2348 2348
2349 2349 2349
2350 2350 2350
2351 2351 2351
2352 2352 2352
2353 2353 2353
2354 2354 2354
2355 2355 2355
2356 2356 2356
2357 2357 2357
2358 2358 2358
2359 2359 2359
2360 2360 2360
2361 2361 2361
2362 2362 2362
2363 2363 2363
2364 2364 2364
2365 2365 2365
2366 2366 2366
2367 2367 2367
2368 2368 2368
2369 2369 2369
2370 2370 2370
2371 2371 2371
2372 2372 2372
2373 2373 2373
2374 2374 2374
2375 2375 2375
2376 2376 2376
2377 2377 2377
2378 2378 2378
2379 2379 2379
2380 2380 2380
2381 2381 2381
2382 2382 2382
2383 2383 2383
2384 2384 2384
2385 2385 2385
2386 2386 2386
2387 2387 2387
2388 2388 2388
2389 2389 2389
2390 2390 2390
2391 2391 2391
2392 2392 2392
2393 2393 2393
2394 2394 2394
2395 2395 2395
2396 2396 2396
2397 2397 2397
2398 2398 2398
2399 2399 2399
2400 2400 2400
2401 2401 2401
2402 2402 2402
2403 2403 2403
2404 2404 2404
2405 2405 2405
2406 2406 2406
2407 2407 2407
2408 2408 2408
2409 2409 2409
2410 2410 2410
2411 2411 2411
2412 2412 2412
2413 2413 2413
2414 2414 2414
2415 2415 2415
2416 2416 2416
2417 2417 2417
2418 2418 2418
2419 2419 2419
2420 2420 2420
2421 2421 2421
2422 2422 2422
2423 2423 2423
2424 2424 2424
2425 2425 2425
2426 2426 2426
2427 2427 2427
2428 2428 2428
2429 2429 2429
2430 2430 2430
2431 2431 2431
2432 2432 2432
2433 2433 2433
2434 2434 2434
2435 2435 2435
2436 2436 2436
2437 2437 2437
2438 2438 2438
2439 2439 2439
2440 2440 2440
2441 2441 2441
2442 2442 2442
2443 2443 2443
2444 2444 2444
2445 2445 2445
2446 2446 2446
2447 2447 2447
2448 2448 2448
2449 2449 2449
2450 2450 2450
2451 2451 2451
2452 2452 2452
2453 2453 2453
2454 2454 2454
2455 2455 2455
2456 2456 2456
2457 2457 2457
2458 2458 2458
2459 2459 2459
2460 2460 2460
2461 2461 2461
2462 2462 2462
2463 2463 2463
2464 2464 2464
2465 2465 2465
2466 2466 2466
2467 2467 2467
2468 2468 2468
2469 2469 2469
2470 2470 2470
2471 2471 2471
2472 2472 2472
2473 2473 2473
2474 2474 2474
2475 2475 2475
2476 2476 2476
2477 2477 2477
2478 2478 2478
2479 2479 2479
2480 2480 2480
2481 2481 2481
2482 2482 2482
2483 2483 2483
2484 2484 2484
2485 2485 2485
2486 2486 2486
2487 2487 2487
2488 2488 2488
2489 2489 2489
2490 2490 2490
2491 2491 2491
2492 2492 2492
2493 2493 2493
2494 2494 2494
2495 2495 2495
2496 2496 2496
2497 2497 2497
2498 2498 2498
2499 2499 2499
2500 2500 2500
2501 2501 2501
2502 2502 2502
2503 2503 2503
2504 2504 2504
2505 2505 2505
2506 2506 2506
2507 2507 2507
2508 2508 2508
2509 2509 2509
2510 2510 2510
2511 2511 2511
2512 2512 2512
2513 2513 2513
2514 2514 2514
2515 2515 2515
2516 2516 2516
2517 2517 2517
2518 2518 2518
2519 2519 2519
2520 2520 2520
2521 2521 2521
2522 2522 2522
2523 2523 2523
2524 2524 2524
2525 2525 2525
2526 2526 2526
2527 2527 2527
2528 2528 2528
2529 2529 2529
2530 2530 2530
2531 2531 2531
2532 2532 2532
2533 2533 2533
2534 2534 2534
2535 2535 2535
2536 2536 2536
2537 2537 2537
2538 2538 2538
2539 2539 2539
2540 2540 2540
2541 2541 2541
2542 2542 2542
2543 2543 2543
2544 2544 2544
2545 2545 2545
2546 2546 2546
2547 2547 2547
2548 2548 2548
2549 2549 2549
2550 2550 2550
2551 2551 2551
2552 2552 2552
2553 2553 2553
2554 2554 2554
2555 2555 2555
2556 2556 2556
2557 2557 2557
2558 2558 2558
2559 2559 2559
2560 2560 2560
2561 2561 2561
2562 2562 2562
2563 2563 2563
2564 2564 2564
2565 2565 2565
2566 2566 2566
2567 2567 2567
2568 2568 2568
2569 2569 2569
2570 2570 2570
2571 2571 2571
2572 2572 2572
2573 2573 2573
2574 2574 2574
2575 2575 2575
2576 2576 2576
2577 2577 2577
2578 2578 2578
2579 2579 2579
2580 2580 2580
2581 2581 2581
2582 2582 2582
2583 2583 2583
2584 2584 2584
2585 2585 2585
2586 2586 2586
2587 2587 2587
2588 2588 2588
2589 2589 2589
2590 2590 2590
2591 2591 2591
2592 2592 2592
2593 2593 2593
2594 2594 2594
2595 2595 2595
2596 2596 2596
2597 2597 2597
2598 2598 2598
2599 2599 2599
2600 2600 2600
2601 2601 2601
2602 2602 2602
2603 2603 2603
2604 2604 2604
2605 2605 2605
2606 2606 2606
2607 2607 2607
2608 2608 2608
2609 2609 2609
2610 2610 2610
2611 2611 2611
2612 2612 2612
2613 2613 2613
2614 2614 2614
2615 2615 2615
2616 2616 2616
2617 2617 2617
2618 2618 2618
2619 2619 2619
2620 2620 2620
2621 2621 2621
2622 2622 2622
2623 2623 2623
2624 2624 2624
2625 2625 2625
2626 2626 2626
2627 2627 2627
2628 2628 2628
2629 2629 2629
2630 2630 2630
2631 2631 2631
2632 2632 2632
2633 2633 2633
2634 2634 2634
2635 2635 2635
2636 2636 2636
2637 2637 2637
2638 2638 2638
2639 2639 2639
2640 2640 2640
2641 2641 2641
2642 2642 2642
2643 2643 2643
2644 2644 2644
2645 2645 2645
2646 2646 2646
2647 2647 2647
2648 2648 2648
2649 2649 2649
2650 2650 2650
2651 2651 2651
2652 2652 2652
2653 2653 2653
2654 2654 2654
2655 2655 2655
2656 2656 2656
2657 2657 2657
2658 2658 2658
2659 2659 2659
2660 2660 2660
2661 2661 2661
2662 2662 2662
2663 2663 2663
2664 2664 2664
2665 2665 2665
2666 2666 2666
2667 2667 2667
2668 2668 2668
2669 2669 2669
2670 2670 2670
2671 2671 2671
2672 2672 2672
2673 2673 2673
2674 2674 2674
2675 2675 2675
2676 2676 2676
2677 2677 2677
2678 2678 2678
2679 2679 2679
2680 2680 2680
2681 2681 2681
2682 2682 2682
2683 2683 2683
2684 2684 2684
2685 2685 2685
2686 2686 2686
2687 2687 2687
2688 2688 2688
2689 2689 2689
2690 2690 2690
2691 2691 2691
2692 2692 2692
2693 2693 2693
2694 2694 2694
2695 2695 2695
2696 2696 2696
2697 2697 2697
2698 2698 2698
2699 2699 2699
2700 2700 2700
2701 2701 2701
2702 2702 2702
2703 2703 2703
2704 2704 2704
2705 2705 2705
2706 2706 2706
2707 2707 2707
2708 2708 2708
2709 2709 2709
2710 2710 2710
2711 2711 2711
2712 2712 2712
2713 2713 2713
2714 2714 2714
2715 2715 2715
2716 2716 2716
2717 2717 2717
2718 2718 2718
2719 2719 2719
2720 2720 2720
2721 2721 2721
2722 2722 2722
2723 2723 2723
2724 2724 2724
2725 2725 2725
2726 2726 2726
2727 2727 2727
2728 2728 2728
2729 2729 2729
2730 2730 2730
2731 2731 2731
2732 2732 2732
2733 2733 2733
2734 2734 2734
2735 2735 2735
2736 2736 2736
2737 2737 2737
2738 2738 2738
2739 2739 2739
2740 2740 2740
2741 2741 2741
2742 2742 2742
2743 2743 2743
2744 2744 2744
2745 2745 2745
2746 2746 2746
2747 2747 2747
2748 2748 2748
2749 2749 2749
2750 2750 2750
2751 2751 2751
2752 2752 2752
2753 2753 2753
2754 2754 2754
2755 2755 2755
2756 2756 2756
2757 2757 2757
2758 2758 2758
2759 2759 2759
2760 2760 2760
2761 2761 2761
2762 2762 2762
2763 2763 2763
2764 2764 2764
2765 2765 2765
2766 2766 2766
2767 2767 2767
2768 2768 2768
2769 2769 2769
2770 2770 2770
2771 2771 2771
2772 2772 2772
2773 2773 2773
2774 2774 2774
2775 2775 2775
2776 2776 2776
2777 2777 2777
2778 2778 2778
2779 2779 2779
2780 2780 2780
2781 2781 2781
2782 2782 2782
2783 2783 2783
2784 2784 2784
2785 2785 2785
2786 2786 2786
2787 2787 2787
2788 2788 2788
2789 2789 2789
2790 2790 2790
2791 2791 2791
2792 2792 2792
2793 2793 2793
2794 2794 2794
2795 2795 2795
2796 2796 2796
2797 2797 2797
2798 2798 2798
2799 2799 2799
2800 2800 2800
2801 2801 2801
2802 2802 2802
2803 2803 2803
2804 2804 2804
2805 2805 2805
2806 2806 2806
2807 2807 2807
2808 2808 2808
2809 2809 2809
2810 2810 2810
2811 2811 2811
2812 2812 2812
2813 2813 2813
2814 2814 2814
2815 2815 2815
2816 2816 2816
2817 2817 2817
2818 2818 2818
2819 2819 2819
2820 2820 2820
2821 2821 2821
2822 2822 2822
2823 2823 2823
2824 2824 2824
2825 2825 2825
2826 2826 2826
2827 2827 2827
2828 2828 2828
2829 2829 2829
2830 2830 2830
2831 2831 2831
2832 2832 2832
2833 2833 2833
2834 2834 2834
2835 2835 2835
2836 2836 2836
2837 2837 2837
2838 2838 2838
2839 2839 2839
2840 2840 2840
2841 2841 2841
2842 2842 2842
2843 2843 2843
2844 2844 2844
2845 2845 2845
2846 2846 2846
2847 2847 2847
2848 2848 2848
2849 2849 2849
2850 2850 2850
2851 2851 2851
2852 2852 2852
2853 2853 2853
2854 2854 2854
2855 2855 2855
2856 2856 2856
2857 2857 2857
2858 2858 2858
2859 2859 2859
2860 2860 2860
2861 2861 2861
2862 2862 2862
2863 2863 2863
2864 2864 2864
2865 2865 2865
2866 2866 2866
2867 2867 2867
2868 2868 2868
2869 2869 2869
2870 2870 2870
2871 2871 2871
2872 2872 2872
2873 2873 2873
2874 2874 2874
2875 2875 2875
2876 2876 2876
2877 2877 2877
2878 2878 2878
2879 2879 2879
2880 2880 2880
2881 2881 2881
2882 2882 2882
2883 2883 2883
2884 2884 2884
2885 2885 2885
2886 2886 2886
2887 2887 2887
2888 2888 2888
2889 2889 2889
2890 2890 2890
2891 2891 2891
2892 2892 2892
2893 2893 2893
2894 2894 2894
2895 2895 2895
2896 2896 2896
2897 2897 2897
2898 2898 2898
2899 2899 2899
2900 2900 2900
2901 2901 2901
2902 2902 2902
2903 2903 2903
2904 2904 2904
2905 2905 2905
2906 2906 2906
2907 2907 2907
2908 2908 2908
2909 2909 2909
2910 2910 2910
2911 2911 2911
2912 2912 2912
2913 2913 2913
2914 2914 2914
2915 2915 2915
2916 2916 2916
2917 2917 2917
2918 2918 2918
2919 2919 2919
2920 2920 2920
2921 2921 2921
2922 2922 2922
2923 2923 2923
2924 2924 2924
2925 2925 2925
2926 2926 2926
2927 2927 2927
2928 2928 2928
2929 2929 2929
2930 2930 2930
2931 2931 2931
2932 2932 2932
2933 2933 2933
2934 2934 2934
2935 2935 2935
2936 2936 2936
2937 2937 2937
2938 2938 2938
2939 2939 2939
2940 2940 2940
2941 2941 2941
2942 2942 2942
2943 2943 2943
2944 2944 2944
2945 2945 2945
2946 2946 2946
2947 2947 2947
2948 2948 2948
2949 2949 2949
2950 2950 2950
2951 2951 2951
2952 2952 2952
2953 2953 2953
2954 2954 2954
2955 2955 2955
2956 2956 2956
2957 2957 2957
2958 2958 2958
2959 2959 2959
2960 2960 2960
2961 2961 2961
2962 2962 2962
2963 2963 2963
2964 2964 2964
2965 2965 2965
2966 2966 2966
2967 2967 2967
2968 2968 2968
2969 2969 2969
2970 2970 2970
2971 2971 2971
2972 2972 2972
2973 2973 2973
2974 2974 2974
2975 2975 2975
2976 2976 2976
2977 2977 2977
2978 2978 2978
2979 2979 2979
2980 2980 2980
2981 2981 2981
2982 2982 2982
2983 2983 2983
2984 2984 2984
2985 2985 2985
2986 2986 2986
2987 2987 2987
2988 2988 2988
2989 2989 2989
2990 2990 2990
2991 2991 2991
2992 2992 2992
2993 2993 2993
2994 2994 2994
2995 2995 2995
2996 2996 2996
2997 2997 2997
2998 2998 2998
2999 2999 2999
0-213
1-692
1-1647
1-37
2-661
3-1210
4-1554
5-2191
5-2805
5-1747
6-2160
7-2946
8-1398
9-1620
9-0
9-141
10-2776
10-1170
10-2153
10-708
11-1097
11-1068
11-2830
11-1230
11-2404
12-2298
12-955
13-551
14-2822
15-1599
16-1240
16-141
17-1067
18-2013
19-1752
20-1402
20-1129
20-17
20-470
21-1082
22-1061
22-1966
22-2275
22-653
23-851
23-1358
23-2204
24-1143
25-1870
26-997
27-1668
27-1611
28-1182
28-1920
29-1866
29-2526
30-2213
30-2370
30-1120
31-2851
32-2269
32-1813
32-2585
33-2312
34-421
34-2580
35-1829
35-820
36-1313
36-1127
37-2420
38-2790
39-292
39-1408
39-908
40-1191
41-487
41-107
42-451
43-2695
43-1540
44-2052
45-1011
46-741
47-169
47-544
47-1520
48-991
48-2407
48-2765
49-562
49-2695
49-1276
50-856
50-2164
50-687
50-773
51-1261
52-820
52-285
52-1075
53-170
54-1970
54-1138
54-594
54-104
55-1369
55-2560
56-985
57-32
58-2861
59-122
60-2059
60-148
61-1804
61-2937
61-1419
62-1338
62-1247
62-2963
63-1673
64-536
64-61
65-1558
65-1475
65-2572
65-1869
66-2167
66-2199
67-112
67-447
68-2620
68-1553
69-804
69-2958
70-2408
70-2545
70-1967
71-2888
71-1614
71-94
71-1909
71-1003
72-2711
73-1994
74-53
75-245
75-2665
76-619
77-2133
78-1998
79-748
80-2237
80-1604
81-1590
81-1261
81-591
81-1926
81-1225
81-2544
81-2779
81-803
81-214
82-342
82-1551
83-609
83-2115
84-824
85-2101
86-2481
87-2626
87-2419
87-1755
87-1998
88-2917
89-1772
89-1688
89-1091
90-1281
91-2232
92-1456
92-1609
93-2170
94-2398
95-2748
96-644
97-2906
97-1187
97-2318
98-2807
99-2126
100-1743
100-688
101-1381
101-1137
101-888
102-704
103-2322
103-1399
104-2561
105-405
105-2425
105-1086
106-1113
106-1251
107-504
107-2551
107-348
108-2843
108-457
109-280
109-654
109-2815
110-2368
111-2991
111-1453
111-1104
111-1121
112-2878
112-2742
112-2355
113-2251
114-2302
115-779
115-1875
115-1885
115-1785
115-492
115-619
115-613
115-1448
116-649
117-1408
117-1685
118-1203
118-2825
119-1853
119-1446
120-2047
121-1120
122-1084
123-2675
124-401
124-376
125-723
125-1444
125-604
125-286
125-423
125-2040
126-2482
126-2836
127-1487
128-2769
128-1260
128-2391
128-1360
128-268
128-621
129-15
129-1374
129-2046
130-2958
130-876
130-2963
131-1875
132-1987
132-1594
133-1807
133-1102
134-1856
135-2841
135-1087
136-1272
136-713
136-2389
137-757
137-2580
137-2479
138-928
139-362
140-2213
140-835
141-2445
142-1073
142-532
142-1563
143-1523
144-2003
144-2338
145-273
145-623
146-927
147-2653
147-1159
148-2913
148-2721
148-716
148-2897
148-821
148-712
148-1190
148-842
148-2419
149-2368
149-205
150-1978
151-1460
152-2903
152-257
153-2266
154-2256
154-2600
155-1152
156-1756
156-1877
157-2964
157-2271
158-1624
159-1448
160-2837
161-2186
162-1492
162-372
162-260
163-495
163-2273
163-2605
164-805
165-2210
165-232
165-2911
166-797
167-2178
167-2743
168-1156
169-1881
169-877
170-593
170-1159
170-1624
170-2589
170-2105
170-2448
171-837
172-2944
173-1621
173-2445
174-969
174-101
175-2970
175-1111
176-2130
176-2974
176-301
177-2465
178-1881
179-1666
180-421
181-2087
182-1596
183-747
183-2965
183-1423
184-2364
185-883
186-213
186-2786
187-1866
188-958
189-1314
190-2345
190-749
190-1005
190-2015
191-1968
192-1776
193-689
194-650
195-1914
195-2905
195-1707
195-474
196-457
196-1976
197-1428
197-1840
198-892
199-169
200-918
201-1012
202-955
202-796
203-2853
204-2926
204-1599
204-194
205-2024
206-1385
206-791
206-1882
207-448
208-2590
208-1075
208-846
209-945
209-2336
210-2046
211-2850
212-1358
213-1349
214-371
215-147
215-342
216-238
216-1020
217-1697
218-2871
218-2977
218-2386
219-2538
220-1251
220-153
220-2033
221-1137
222-1452
222-2566
223-67
224-1436
224-1838
225-1896
225-1188
226-2963
227-2678
227-10
228-266
229-2688
229-2611
229-2095
230-2610
231-391
232-1693
232-1623
233-336
234-2092
235-860
236-618
236-231
237-1317
238-1235
238-221
239-1352
240-1201
240-1080
240-472
240-1157
240-952
240-2302
241-2788
241-2863
242-102
242-1916
242-1470
243-1943
243-444
243-1924
244-2039
245-2344
245-2447
245-411
246-2349
247-2954
247-999
248-31
249-1860
250-2948
250-2611
250-2653
251-1709
252-317
253-2037
254-2019
254-1963
254-488
254-31
255-2513
255-1120
255-266
256-799
257-2731
257-2880
258-1785
259-556
259-1487
260-2485
261-2858
262-454
262-1123
262-788
262-112
263-951
263-1346
264-2689
265-2395
265-2364
265-2090
265-136
266-766
267-2117
267-41
267-1786
268-1098
269-1506
269-249
269-1658
269-600
270-372
270-2751
271-615
272-810
273-2420
274-1253
275-1670
276-681
277-1226
277-190
277-2867
278-2641
278-2582
278-1509
278-2995
278-230
278-1724
278-1508
279-1354
279-726
280-2103
281-2686
281-2917
281-2202
281-1276
281-1350
281-72
281-1881
282-2369
283-1517
284-1407
284-2458
285-536
286-2821
287-515
287-321
288-1253
289-2734
290-1887
290-726
291-1390
292-294
292-2398
293-1184
294-1536
295-488
296-1489
297-2590
297-2060
298-1482
299-2447
300-550
301-563
301-1550
301-621
302-582
303-468
303-1907
303-260
303-1160
303-695
303-1637
304-570
304-867
304-290
304-1654
304-35
304-646
305-1003
306-2535
307-2000
307-1207
308-1758
309-114
309-1815
309-2773
310-1711
311-655
311-1412
311-2830
311-2982
312-1299
312-2826
312-2676
312-2900
312-1026
312-1015
312-1382
312-1083
313-50
313-996
314-1824
315-1576
316-888
317-1202
318-2367
318-1262
318-2587
318-958
319-287
319-1708
319-2805
319-1471
319-2142
320-1220
321-2993
322-1958
322-1909
322-567
323-635
324-1415
324-2876
325-398
325-2410
326-2880
326-807
326-882
326-1779
326-1473
327-1653
327-1220
328-1380
328-1034
329-29
330-1401
330-1040
331-968
332-239
332-1276
332-1146
333-1947
333-1487
333-551
334-1248
335-2091
336-389
337-305
337-2580
338-1366
338-2231
339-2371
339-364
339-2203
339-1589
339-911
339-1573
340-385
340-2116
341-479
341-1586
342-1938
343-2549
343-71
343-2922
344-1501
344-896
345-365
345-735
345-560
346-2142
346-832
346-3
347-2846
347-1100
348-1297
348-736
349-1175
350-2124
351-2526
352-452
352-588
352-1995
352-236
352-198
352-1611
353-770
354-1022
355-2770
356-2902
357-1047
357-1602
358-2904
359-1479
360-2866
361-2925
361-2402
362-2831
363-2672
364-2647
365-1077
366-181
366-2172
367-1153
367-642
368-1412
369-1265
369-1099
369-2761
369-929
370-36
371-2914
371-1817
371-12
372-2093
373-933
374-702
374-2265
375-8
375-677
375-321
375-2908
375-71
376-432
377-22
378-2223
379-632
379-22
380-168
381-2390
382-2888
382-2915
383-2673
383-80
383-1096
384-2863
384-1596
385-1021
386-572
387-868
387-920
388-2496
389-1541
389-1623
389-2452
389-252
390-184
391-2782
391-9
391-1346
392-2688
392-2432
393-2700
394-2850
394-167
394-240
395-292
395-1545
396-2677
396-2952
396-1722
397-1845
398-120
399-649
399-2275
400-231
401-1565
401-993
401-846
401-447
401-1919
402-2679
403-1700
403-2894
403-1002
403-527
403-2018
403-1299
403-1898
403-454
403-2115
404-582
405-355
405-2386
405-1962
405-2725
406-1576
407-1893
407-714
408-2883
409-578
409-1420
409-850
409-1555
409-2124
410-250
411-2947
412-1566
412-956
413-2788
414-2478
414-1049
415-2618
416-1242
417-34
417-2109
418-732
418-2681
418-1250
418-580
418-1988
419-2098
419-2115
419-624
419-1631
419-1206
420-2690
420-815
421-35
422-1146
423-1158
424-333
424-1942
425-2199
425-2576
425-1054
425-2794
425-782
426-882
426-766
426-1215
426-2704
426-1600
427-471
427-1915
427-303
428-747
428-209
429-436
429-2326
429-2898
430-316
431-293
432-1382
433-2666
434-2318
434-2005
434-781
434-186
434-2189
434-203
434-821
434-2645
434-581
434-1196
435-2808
435-2057
436-2534
436-1888
437-600
438-2464
438-899
439-437
440-874
441-988
441-87
441-1464
441-1119
441-2779
441-1104
441-1731
441-2215
442-1612
442-466
443-2476
443-2029
444-269
444-2196
445-2315
446-2630
447-1099
447-2991
448-727
448-399
449-2735
449-2798
449-1795
449-300
449-1746
450-2877
450-781
450-337
451-2626
452-2383
452-1887
452-239
452-754
453-883
453-2111
454-1892
455-803
455-2129
456-1846
456-1091
457-2710
458-1733
459-1631
460-1275
461-2611
461-2493
461-966
461-1156
461-804
462-731
462-2437
462-201
463-1355
463-991
463-501
463-1753
463-439
464-1399
464-323
464-2361
465-1236
466-386
466-1371
467-1153
468-638
469-2688
470-2523
471-934
471-206
471-1357
471-994
471-1375
471-1659
472-1276
473-1855
473-2186
474-1651
475-1323
475-1914
475-2983
476-959
477-344
477-75
478-2237
478-977
478-2394
478-450
478-2133
478-2449
478-1977
478-521
478-2145
479-159
479-2877
479-1365
480-2355
480-2584
481-2536
482-2167
483-1981
484-1884
484-2735
485-196
485-106
486-293
486-1405
487-1010
487-2987
488-1375
488-1019
489-1134
489-2576
490-2175
491-419
491-699
491-1265
491-1407
491-2213
492-2274
493-1357
494-1846
495-2406
496-868
496-663
497-1358
498-83
498-2486
498-2795
499-244
499-1103
499-47
500-2082
500-2556
500-532
500-1925
501-2973
502-698
503-1453
503-1148
503-2778
504-2310
505-478
505-125
505-2549
505-457
506-196
506-275
507-1322
507-1342
508-909
508-498
508-563
508-2796
508-2472
509-1934
510-62
511-2583
512-1547
512-2951
513-550
514-609
514-2600
514-1655
515-1987
515-1445
515-1370
515-2805
515-420
516-483
516-1368
517-730
518-326
519-2525
519-1310
519-2085
519-183
519-1559
519-20
519-1047
520-1208
521-938
521-266
522-2707
522-2752
523-411
523-121
524-2819
524-1997
525-2550
525-1744
526-210
526-678
527-97
528-2152
528-91
529-2000
529-2860
530-304
531-2288
531-68
532-2018
532-2996
533-1576
533-799
533-2170
533-1898
533-1392
534-2849
534-963
535-1998
535-394
535-1695
536-1856
537-2100
537-2434
538-1821
538-1228
538-2414
539-124
540-2098
540-1089
541-2708
542-810
543-1575
544-2549
544-2948
545-432
545-2615
546-1725
546-2282
547-2170
547-561
547-488
547-1927
547-2876
548-2694
549-2778
549-1395
549-580
549-2722
550-806
551-1162
551-825
551-931
551-1575
551-1156
552-2369
552-1010
553-2330
554-2406
555-1821
555-2190
555-2333
555-2099
555-1991
555-1709
555-1108
556-413
557-2370
558-2911
558-2437
559-2799
560-2364
560-2968
561-890
562-1939
563-2748
564-2398
564-170
564-1113
564-2171
565-2095
565-1120
565-2148
565-414
565-977
566-662
567-1287
568-434
569-2708
570-761
570-309
570-2906
570-484
570-339
570-997
571-738
571-2900
571-2500
572-1248
573-1466
574-1217
575-2413
575-2406
575-2207
575-166
576-932
577-2253
577-1492
577-2219
577-285
577-2688
577-2652
578-490
578-910
579-2530
580-334
581-1417
581-1820
581-1270
582-974
582-2073
583-2796
583-2292
584-2134
585-1451
585-2179
585-870
586-119
587-895
587-871
587-1090
588-1063
588-263
589-2312
589-2360
589-873
589-1958
589-1432
589-2064
590-2734
590-1391
591-794
591-280
591-2492
592-1418
592-421
592-537
592-852
592-2695
593-2469
593-2649
593-2033
593-510
594-1086
594-1608
595-2175
595-828
595-386
596-331
596-2486
596-1318
597-1666
598-2507
599-1953
599-1971
599-18
599-1475
600-2454
600-1633
601-81
602-178
602-131
603-2912
604-2683
605-1428
605-2266
606-1103
607-2276
608-520
608-2054
609-1238
609-2733
609-2999
609-872
609-1989
609-2397
610-1893
610-1954
610-1958
610-890
610-109
610-262
610-2754
611-480
612-1579
612-412
613-2251
613-0
613-812
613-113
614-1024
615-1904
616-755
616-266
617-2653
618-2130
618-734
619-2804
619-2394
620-1894
621-1681
621-455
621-1071
621-845
621-1123
622-2758
623-615
624-1513
624-2139
624-2075
624-2995
624-202
625-2707
625-1881
625-212
626-277
627-2351
627-1423
627-2824
628-1165
629-601
630-422
631-2032
632-1753
633-2548
634-138
635-927
635-832
636-2408
637-2987
638-1256
638-291
639-948
640-1756
641-1344
641-2148
641-2916
641-342
641-258
641-787
641-1895
642-2399
643-1130
644-545
644-2376
644-2828
645-1626
646-32
647-594
647-1670
648-1788
648-2910
648-2600
648-1043
648-1317
648-550
648-2933
649-62
650-2238
651-415
652-1597
653-466
654-2229
654-2039
655-1303
656-1387
656-878
656-1450
657-1892
658-2345
659-2863
659-2596
660-1654
660-904
661-819
662-1696
662-2045
663-1980
663-69
663-1990
664-1142
664-7
665-2843
666-2761
667-352
668-2122
669-2353
669-39
670-1898
671-1284
671-2793
671-41
672-1444
672-1821
673-417
673-1599
674-664
675-905
675-971
676-1245
676-1022
676-862
677-110
678-2189
678-801
678-2823
678-121
678-2187
678-2436
678-486
678-39
678-1090
678-496
679-1335
679-2608
680-337
680-2058
680-1767
681-1489
681-104
682-8
683-733
684-571
685-964
686-2247
686-829
687-1094
688-15
688-1400
688-2956
689-1768
689-2566
689-942
690-1828
690-106
690-1218
691-213
692-1010
692-1757
693-450
694-257
694-2351
695-2958
696-800
696-2413
696-2895
696-2472
696-313
697-689
698-1212
698-2715
699-1604
700-2137
701-380
702-1675
702-534
702-2932
703-1433
703-2831
704-2290
705-2254
706-2627
707-433
707-314
707-577
707-597
707-1096
707-516
708-1833
708-953
708-474
709-1230
709-2730
710-1235
710-1999
710-2906
710-1894
711-1446
711-1979
712-527
712-1110
713-2117
714-1046
714-1561
714-423
715-1918
716-132
716-1407
717-1726
718-2231
719-305
719-988
720-234
721-2725
721-618
721-2909
722-2531
723-138
724-1259
724-433
724-2629
725-2989
725-2897
725-462
725-1152
726-1900
727-1333
727-846
727-1658
727-289
727-2670
728-1135
728-2573
729-2490
730-2023
731-1992
732-2250
733-913
734-1747
734-339
735-2671
736-1615
737-110
737-2102
738-2467
739-66
739-1004
739-6
740-1201
740-1048
741-648
741-529
741-2534
741-2981
741-598
741-5
742-2793
742-1225
743-328
744-2771
745-1561
746-2145
747-2738
747-981
748-1866
749-1387
749-155
750-2513
751-1169
751-2080
751-1029
751-2525
751-2118
752-451
752-139
752-2608
752-1480
752-2945
752-1836
752-299
753-2984
754-2183
755-2749
755-1390
756-2614
757-1800
758-1768
758-717
758-722
758-215
759-829
760-2489
761-1560
761-1572
761-1035
762-49
762-2430
763-2059
764-1627
764-693
765-586
765-329
766-1328
766-2252
767-1607
768-1687
769-1460
769-500
769-1523
770-1984
770-1738
771-557
771-1428
772-1609
773-629
773-1381
773-1593
773-418
773-321
773-1965
773-319
773-2738
774-30
775-2573
776-1547
776-465
776-481
776-2993
776-1829
777-889
777-1410
777-2012
777-534
778-2224
778-560
779-1682
779-2371
779-2940
779-288
779-2782
779-83
780-1210
781-2591
781-125
781-1655
781-676
781-2085
781-861
782-2017
783-1361
784-2994
785-164
786-228
786-2535
786-1145
786-3
786-251
787-70
787-2085
787-1641
787-597
788-1477
788-2936
789-1984
790-1809
791-357
792-1604
793-2990
793-675
794-1541
794-1741
794-2661
795-16
795-2910
796-1526
796-2365
797-1414
798-736
798-2372
798-1684
798-2674
799-787
800-1561
801-415
801-2536
801-682
802-2428
803-2829
804-1155
805-1827
806-2542
807-392
808-299
808-738
808-551
808-884
809-1118
809-129
810-1734
810-471
811-1559
811-2881
811-915
812-635
813-68
814-1286
815-2555
815-1693
816-1027
816-226
817-1864
817-742
817-148
817-2893
817-2108
817-630
818-125
819-2443
820-2876
820-2249
821-2711
821-874
822-325
822-1537
823-469
824-891
824-880
825-2034
825-194
825-1462
826-1872
826-2462
827-2696
828-1202
829-2125
830-526
831-421
832-2946
832-2599
833-1205
833-660
833-2001
834-1645
834-2395
834-1932
834-2361
834-569
834-469
834-506
835-1388
836-2491
836-2664
836-622
836-823
836-2744
836-2593
836-2850
836-642
836-1287
836-719
836-272
836-1598
836-2287
837-1925
837-1283
837-2682
837-2371
838-1078
839-1832
839-1570
840-803
840-1439
840-467
840-2687
840-2118
840-466
841-2463
842-520
843-2811
843-2193
844-2268
845-2221
845-2831
845-1388
846-2962
846-2863
847-983
847-1645
848-533
848-1515
848-2508
848-2992
848-27
848-212
849-687
850-2156
851-977
851-2528
851-1123
851-269
851-1288
851-461
851-220
851-1136
851-930
852-1527
852-430
852-1468
852-1867
852-34
853-1166
854-79
855-1400
856-928
857-2491
857-208
858-1298
858-689
859-1902
859-2798
860-2820
861-2608
862-661
862-1396
862-2633
863-1307
864-1070
865-2158
865-1534
866-2613
867-941
868-130
868-580
868-2592
868-2324
869-1045
870-2712
871-2218
872-2215
873-705
873-2689
873-125
874-2394
875-42
876-1687
876-1714
877-2028
877-1902
878-584
878-917
879-1598
879-2017
879-2633
880-828
881-2945
882-1753
882-930
882-2685
882-271
883-2938
883-1838
884-1282
885-1166
886-1063
886-2752
887-2912
887-150
887-893
888-2953
889-383
890-1557
891-187
891-2952
891-2968
892-1780
893-1727
893-1669
894-2151
894-1361
895-1372
896-465
897-561
898-536
898-770
898-1042
898-2348
899-617
899-900
900-1546
901-1020
901-2221
901-237
902-287
902-278
903-2447
903-1506
903-819
903-2
904-2203
904-922
905-1425
905-1553
906-375
907-1117
907-1887
907-1772
907-892
907-874
907-1057
908-105
908-1794
908-1867
908-2017
909-419
910-2168
911-1883
912-176
912-2611
913-1378
914-1089
914-250
914-2792
915-722
915-834
916-1499
917-665
918-1564
919-322
920-1301
921-1766
921-1255
922-564
922-1084
922-650
923-2351
923-431
924-1206
925-2361
925-450
925-634
926-1860
926-2998
926-1669
926-2806
926-1643
926-2959
926-2802
927-2781
927-48
927-2078
927-2518
928-1871
929-403
929-693
929-1477
929-91
929-1255
930-2783
930-1521
931-1662
932-2237
932-224
933-2754
934-2552
934-1730
935-1838
935-1111
935-352
935-815
935-2559
936-2812
936-2621
937-2041
938-2271
938-2257
938-886
939-902
939-1852
939-107
940-954
941-1113
941-2477
942-280
943-1127
943-1944
944-2935
945-840
945-709
946-735
947-79
948-2018
948-945
949-639
950-1373
950-731
950-1170
951-441
951-113
952-1060
953-551
953-1009
954-2046
954-1739
955-1948
956-2436
957-2177
957-2936
957-2166
957-1407
957-679
958-2418
959-584
960-1328
961-1346
962-2727
962-195
963-2443
964-780
964-766
965-2041
965-2687
965-2750
965-2171
965-1712
965-1347
965-761
966-2928
967-211
968-2834
968-1529
969-2431
970-195
971-104
971-2796
971-92
972-2942
973-871
973-2612
973-2958
973-1077
974-2972
974-2783
974-27
975-297
976-1794
977-1236
977-2603
978-2273
979-786
979-586
980-2071
981-1989
981-2625
982-368
983-2695
984-357
984-2955
985-518
986-1654
987-2815
988-1727
988-40
988-271
989-627
989-1109
989-1604
989-762
990-2379
991-2085
992-119
992-2674
992-1634
992-1095
992-223
993-1256
994-2451
994-2136
994-1612
995-2773
996-2381
996-1966
996-1204
997-1612
998-1349
998-1729
998-711
998-617
999-1020
1000-2510
1001-958
1001-1657
1002-1146
1002-1963
1003-1593
1004-341
1004-2475
1005-1476
1006-2946
1007-2447
1008-392
1008-1536
1008-77
1008-1046
1008-993
1009-660
1009-517
1010-1214
1010-50
1010-880
1011-1852
1012-1892
1013-204
1014-2849
1014-1664
1014-1078
1014-1845
1014-898
1015-2704
1015-768
1015-2492
1015-930
1015-926
1016-225
1017-1133
1018-593
1019-59
1019-806
1019-2678
1020-1925
1021-1551
1021-1834
1022-2104
1022-1943
1023-1287
1023-2381
1024-105
1025-1252
1026-1661
1026-900
1027-2090
1027-33
1027-1395
1027-719
1027-2787
1027-2514
1028-1171
1029-242
1029-442
1029-2122
1030-566
1031-584
1032-2454
1033-2391
1033-2251
1034-1085
1034-1896
1035-2650
1036-1269
1037-1592
1038-1766
1038-2435
1038-1208
1039-956
1039-2089
1040-248
1041-2542
1041-1190
1041-1917
1041-2314
1041-2522
1042-2589
1042-1300
1043-59
1043-2535
1043-2767
1043-1089
1044-1580
1045-1084
1046-2732
1047-902
1048-1816
1048-1658
1048-2876
1049-2948
1050-2507
1050-1418
1051-1534
1051-2392
1052-2600
1053-2276
1053-787
1053-2411
1053-1869
1054-765
1055-340
1055-2327
1055-2245
1055-2724
1056-2495
1057-2668
1057-2674
1058-282
1058-2688
1059-1361
1060-622
1060-100
1061-2963
1061-1098
1062-1565
1063-1271
1064-1728
1064-2689
1065-2356
1065-1720
1065-2445
1066-432
1066-983
1067-25
1067-1126
1068-626
1068-2577
1069-395
1069-2283
1069-1466
1069-1027
1069-428
1069-1052
1070-469
1071-673
1071-1064
1072-1542
1073-502
1074-303
1074-2550
1074-1324
1075-2667
1076-1447
1076-669
1076-2935
1077-2155
1077-656
1078-265
1078-1901
1078-2380
1078-2986
1078-6
1079-2662
1080-491
1081-1486
1082-2934
1082-64
1083-160
1083-698
1083-1141
1084-604
1085-1654
1086-1832
1087-1579
1087-260
1087-2066
1088-1375
1089-2842
1090-1197
1091-2791
1092-168
1092-2175
1093-2525
1094-1570
1095-2083
1096-2429
1097-369
1098-418
1098-413
1098-1021
1099-1325
1100-707
1100-704
1100-1125
1100-963
1101-2613
1102-2833
1103-1486
1103-95
1104-2108
1104-1356
1104-106
1104-1035
1105-2443
1106-1980
1106-1449
1106-613
1107-43
1107-1110
1107-211
1107-699
1107-2891
1108-656
1109-297
1109-7
1110-2439
1110-798
1111-643
1111-1945
1111-474
1111-1939
1111-2281
1111-973
1112-552
1113-1147
1114-1914
1114-426
1114-709
1114-1997
1114-1641
1115-1683
1116-2599
1117-49
1117-2877
1118-2459
1118-817
1118-2196
1119-1695
1119-1761
1119-772
1119-1946
1120-2548
1120-929
1120-2910
1120-464
1120-2317
1120-318
1121-2313
1122-897
1123-1869
1124-1316
1125-306
1125-602
1125-2342
1126-1982
1127-2931
1127-1252
1127-2274
1127-2764
1128-2433
1128-2373
1128-1969
1128-2208
1128-1732
1129-1918
1129-1060
1130-2423
1130-1285
1131-2082
1131-119
1132-1445
1133-2049
1133-2201
1134-217
1134-1875
1135-330
1136-3
1136-2563
1137-2470
1137-2538
1138-2413
1139-930
1139-652
1140-1514
1141-696
1142-2500
1142-183
1142-1394
1143-355
1144-515
1145-1185
1145-1247
1145-1536
1145-930
1145-1003
1146-1491
1146-2010
1146-850
1147-1017
1148-673
1148-19
1149-1703
1149-2405
1149-1236
1150-3
1150-2769
1150-2623
1150-2844
1150-2395
1151-420
1152-1821
1152-2295
1153-1596
1154-2271
1155-1834
1156-155
1156-617
1157-647
1158-1163
1158-1151
1158-1091
1159-254
1159-1040
1159-2464
1160-126
1161-2874
1162-2782
1163-178
1164-2911
1164-1169
1165-2803
1166-1370
1167-1421
1168-1215
1168-1143
1169-117
1170-2414
1170-1622
1171-1604
1171-547
1172-6
1173-161
1173-1152
1174-423
1175-1224
1176-2285
1177-2606
1178-2074
1178-1881
1178-1889
1179-2747
1179-374
1179-1268
1180-427
1181-295
1182-2584
1183-1749
1183-796
1184-2928
1184-1079
1185-723
1186-1227
1187-409
1187-447
1188-1509
1188-2604
1188-2876
1188-475
1189-2716
1190-1476
1191-2103
1191-811
1191-2651
1192-1059
1192-64
1193-2785
1194-2960
1194-143
1195-947
1195-2482
1196-2387
1197-830
1198-1638
1198-2333
1199-2932
1199-1916
1200-968
1201-1807
1201-914
1202-123
1202-1075
1202-557
1203-1937
1204-306
1205-545
1205-2016
1206-39
1206-1921
1206-2549
1206-1031
1207-2669
1207-29
1208-2228
1209-2175
1209-89
1209-675
1209-900
1209-510
1210-1633
1211-172
1211-2211
1212-840
1213-23
1213-352
1214-1398
1215-450
1215-710
1215-1755
1215-2510
1215-935
1216-1167
1216-1060
1217-797
1218-2249
1219-806
1219-2791
1220-436
1221-1920
1221-617
1221-2217
1221-2011
1222-183
1222-985
1223-1072
1223-2201
1223-2589
1224-2157
1224-1279
1225-790
1226-2218
1226-1164
1227-142
1228-1782
1228-1793
1228-242
1228-813
1229-124
1229-2308
1230-44
1230-2436
1230-1554
1230-2882
1231-2730
1232-948
1232-2691
1233-2349
1233-1352
1234-149
1235-56
1235-962
1236-1299
1236-663
1236-886
1236-1009
1236-1235
1236-2140
1236-1640
1237-2763
1238-1611
1238-34
1238-2239
1239-1928
1240-1663
1241-2871
1241-1503
1242-1989
1242-61
1242-1769
1242-542
1243-1431
1243-1411
1244-2734
1245-1231
1245-1736
1246-1427
1246-367
1247-880
1247-1963
1248-2019
1249-1314
1249-981
1249-2777
1249-2548
1250-769
1250-1328
1250-228
1250-2399
1250-903
1251-2182
1252-1537
1252-851
1253-11
1253-2239
1253-681
1253-1643
1253-2505
1253-1099
1253-1955
1253-1591
1254-2992
1255-29
1255-2578
1256-320
1257-177
1258-2594
1259-161
1259-2291
1260-682
1260-725
1261-1237
1261-868
1262-1420
1263-1341
1263-2000
1264-2889
1265-2739
1266-689
1266-882
1267-123
1267-317
1268-276
1268-1453
1268-114
1269-370
1270-2408
1271-1637
1271-21
1272-1876
1272-1522
1273-862
1273-1570
1273-769
1274-745
1274-2916
1274-1585
1275-1313
1276-924
1277-1117
1278-1167
1278-152
1278-2655
1278-2466
1279-874
1279-123
1280-123
1280-2537
1280-1570
1281-1902
1282-951
1282-1646
1283-2004
1284-1999
1284-1273
1284-1196
1284-1136
1284-1042
1285-958
1285-2919
1286-1537
1287-1771
1288-555
1289-2631
1290-1901
1290-2559
1290-2148
1291-1450
1291-746
1292-1265
1293-1635
1293-1747
1294-235
1294-2841
1294-1199
1294-1004
1294-2322
1294-1740
1294-2055
1294-680
1295-976
1296-32
1297-2581
1298-2295
1298-1976
1298-816
1299-1098
1300-256
1300-2632
1301-1610
1302-1050
1303-594
1303-2493
1304-2369
1304-83
1304-2305
1305-1890
1306-666
1307-736
1307-794
1307-2918
1308-416
1308-2988
1308-2283
1309-2200
1310-2524
1311-2252
1311-169
1311-2972
1311-606
1312-2993
1312-1371
1312-661
1313-728
1314-1616
1315-704
1316-287
1316-2437
1317-2611
1317-1361
1317-1582
1318-2723
1319-517
1319-2612
1320-2557
1321-2424
1322-1935
1323-197
1323-2874
1323-113
1324-145
1325-1432
1325-277
1325-2393
1325-1992
1325-1714
1325-1550
1326-1708
1326-1524
1327-120
1328-1804
1329-1797
1329-1460
1329-629
1329-1151
1329-2782
1330-1658
1331-1756
1332-2897
1333-1710
1333-2508
1333-367
1333-579
1334-371
1335-2234
1335-2845
1336-131
1337-846
1338-1392
1339-947
1340-1462
1341-1162
1341-1858
1342-577
1343-757
1344-561
1345-242
1346-2277
1347-2775
1348-1937
1349-1631
1349-2109
1350-1841
1350-1130
1350-642
1350-2572
1350-2886
1351-1304
1351-2590
1352-1305
1352-252
1353-296
1353-4
1354-1157
1355-2436
1356-371
1356-911
1357-2796
1357-1000
1358-784
1359-120
1359-2896
1359-2737
1359-2567
1360-2218
1360-2612
1360-82
1360-98
1360-1320
1361-828
1362-883
1363-1435
1364-428
1364-2238
1365-432
1365-243
1365-2596
1366-2387
1366-1977
1366-1641
1366-2509
1366-1413
1366-927
1367-1559
1368-2059
1369-1523
1370-1681
1371-27
1372-1268
1372-2374
1373-603
1373-1241
1374-1808
1375-2182
1375-912
1376-1381
1376-2294
1377-421
1378-99
1379-2907
1380-1547
1380-1494
1381-1419
1382-940
1382-628
1382-392
1383-191
1383-2972
1383-757
1384-2349
1384-2238
1384-233
1384-2446
1385-207
1386-594
1386-702
1386-2411
1386-755
1387-630
1388-243
1389-2250
1390-2996
1391-1542
1391-173
1392-1364
1392-1291
1392-1302
1393-2704
1393-2671
1393-683
1394-921
1394-2977
1395-2713
1396-2813
1396-1931
1397-1258
1397-360
1397-1851
1397-1301
1397-2
1398-2822
1399-2763
1399-2105
1399-1602
1399-2951
1399-461
1400-1249
1400-1042
1401-2502
1401-2265
1402-2339
1403-180
1404-1779
1405-5
1406-2135
1406-2189
1407-2353
1407-151
1407-1490
1407-2701
1408-2902
1408-1412
1408-1014
1408-2971
1408-2598
1408-1118
1408-1180
1408-2579
1408-2338
1408-1758
1409-1347
1409-2839
1410-1278
1411-1
1412-2202
1412-267
1412-2267
1412-2921
1412-1838
1412-2175
1412-2401
1412-1730
1412-1874
1412-1081
1413-2345
1413-1034
1413-31
1413-2844
1414-1993
1415-603
1415-1476
1415-1468
1415-983
1416-455
1416-1541
1416-2917
1416-548
1417-538
1417-136
1418-769
1419-79
1420-1413
1420-790
1421-1475
1422-959
1423-2396
1424-340
1424-720
1424-2436
1425-777
1425-2232
1426-1614
1427-321
1427-954
1428-159
1428-34
1429-821
1429-1823
1430-2072
1430-1379
1430-2940
1431-1446
1432-685
1432-1486
1432-2528
1433-2994
1434-2634
1434-1422
1434-2792
1434-2352
1434-1893
1434-1052
1434-60
1434-246
1435-2215
1435-2196
1435-2529
1435-2853
1436-1634
1437-1524
1437-833
1437-869
1438-584
1439-806
1439-433
1440-2070
1440-2214
1441-967
1442-1158
1443-2105
1443-979
1443-1018
1443-1881
1443-144
1444-2903
1444-124
1444-120
1445-239
1445-1833
1446-485
1447-2614
1447-1445
1447-96
1447-1091
1447-905
1448-2796
1448-1485
1448-2560
1449-1655
1450-678
1451-1553
1452-375
1452-1094
1453-2561
1454-1082
1454-1505
1454-1372
1455-1074
1456-1169
1457-583
1458-275
1458-2858
1459-1251
1460-1678
1461-998
1462-2264
1462-274
1463-1595
1464-547
1465-2076
1466-1866
1466-2683
1467-2716
1467-368
1467-1188
1468-1349
1468-1272
1468-1309
1468-228
1469-2008
1470-1450
1470-1520
1470-2722
1471-118
1471-1083
1471-2543
1472-2385
1472-2463
1473-1494
1473-2321
1473-2031
1473-748
1473-488
1474-1016
1475-2263
1475-2667
1475-1293
1476-1128
1477-2956
1478-1091
1478-2535
1478-1068
1479-1199
1480-66
1481-410
1481-1041
1482-2101
1483-1568
1483-2992
1483-712
1484-1349
1484-1684
1484-378
1485-2181
1486-1677
1487-89
1488-1013
1488-1936
1488-1935
1488-591
1489-2659
1489-540
1489-607
1490-2126
1490-514
1491-498
1491-1667
1492-1220
1492-1858
1493-563
1494-989
1494-1022
1495-1855
1495-2818
1496-2805
1496-1396
1496-1773
1496-2170
1497-1091
1497-2178
1498-514
1498-728
1499-312
1500-2823
1500-1791
1501-809
1501-2410
1502-1786
1503-2248
1503-2265
1504-2450
1505-2298
1505-546
1506-1119
1506-2394
1507-92
1507-2859
1508-1912
1509-1775
1509-356
1509-2874
1510-980
1511-1200
1512-1022
1512-2719
1513-849
1514-1858
1514-92
1514-2646
1515-126
1515-636
1516-2440
1517-690
1517-1315
1517-1408
1517-2276
1517-2888
1517-746
1517-51
1518-747
1518-2976
1518-864
1518-367
1518-1862
1519-2713
1519-2233
1520-779
1521-995
1522-2467
1522-33
1522-944
1523-2626
1524-1520
1524-1296
1524-1053
1525-139
1526-2254
1526-2117
1526-2519
1527-1268
1527-2271
1528-2339
1528-2777
1529-1376
1529-1497
1529-2977
1529-1469
1529-1040
1530-2839
1530-2363
1531-694
1531-437
1531-1617
1532-2780
1533-1256
1534-2563
1535-2562
1536-2875
1537-328
1537-1877
1537-1708
1537-1293
1538-1224
1539-2464
1540-458
1540-179
1541-1289
1542-1958
1543-2162
1544-2298
1545-801
1545-2407
1546-908
1546-1101
1546-993
1546-1678
1546-1091
1547-2125
1548-2484
1549-150
1550-1098
1550-2255
1551-1485
1552-1732
1552-1244
1552-1086
1552-1815
1552-1349
1553-320
1554-98
1554-1146
1555-1608
1556-18
1557-2720
1557-2475
1557-638
1557-271
1558-2910
1559-2660
1560-1204
1560-961
1561-690
1562-1010
1563-2819
1564-1011
1565-2800
1565-2932
1566-2015
1567-84
1567-1145
1567-2692
1568-1383
1569-179
1569-2237
1569-2850
1570-2614
1570-1352
1570-1982
1570-651
1571-2631
1571-148
1571-1132
1572-2801
1572-244
1573-1576
1574-967
1575-2481
1576-2174
1576-1618
1576-2109
1576-1112
1577-554
1577-1953
1578-886
1579-1040
1579-1812
1579-498
1579-431
1580-1901
1581-2310
1581-100
1582-2079
1583-2464
1584-589
1584-2927
1585-1301
1585-2721
1585-565
1586-745
1586-422
1586-605
1586-1638
1587-514
1588-2522
1588-62
1589-729
1590-2683
1591-2055
1592-722
1593-2131
1594-2467
1595-1129
1595-2891
1595-495
1595-1027
1595-1727
1596-134
1596-2046
1596-560
1596-99
1597-542
1597-2947
1598-316
1598-1646
1599-2261
1599-1943
1599-548
1600-2598
1600-580
1600-2823
1601-2764
1602-626
1602-1854
1602-741
1603-2227
1604-2307
1605-1255
1606-2213
1606-2941
1606-572
1606-2886
1606-2090
1607-491
1608-351
1609-1020
1609-2693
1610-1983
1610-449
1611-2003
1612-1067
1613-735
1613-2001
1614-2338
1614-2862
1615-1146
1616-2197
1616-2064
1616-920
1616-629
1616-1213
1616-1041
1616-2426
1616-55
1616-2890
1616-1059
1617-1765
1617-900
1618-1037
1618-1102
1618-447
1619-1866
1620-391
1620-2016
1621-2369
1622-982
1622-1908
1622-20
1622-2213
1622-2084
1622-918
1622-318
1623-1145
1623-1893
1624-2854
1624-172
1624-1744
1624-2782
1625-1327
1626-2918
1626-2403
1626-833
1626-2740
1627-2483
1628-1373
1629-2461
1629-1034
1630-1725
1631-2694
1631-222
1632-771
1633-1886
1634-929
1634-520
1634-1404
1634-1599
1635-1840
1635-2854
1636-302
1637-1841
1638-1230
1639-1026
1639-1037
1640-1694
1640-589
1641-2168
1642-1918
1642-1388
1642-1227
1643-316
1644-1286
1644-2539
1644-1103
1644-573
1644-2245
1645-2220
1646-1223
1646-2056
1646-1881
1647-411
1647-940
1648-2487
1649-2824
1650-869
1651-2878
1651-2892
1651-2923
1651-2601
1651-1284
1651-1851
1651-695
1652-481
1652-1643
1653-1143
1654-2418
1655-2219
1656-2958
1657-2976
1657-191
1658-2858
1658-2332
1658-2378
1658-2272
1658-2976
1659-1130
1660-2796
1661-443
1661-1929
1662-117
1663-2692
1663-2745
1664-2686
1665-2001
1665-52
1666-429
1667-1962
1667-2994
1667-1724
1668-2251
1669-1514
1669-700
1669-1093
1669-137
1670-475
1671-1814
1672-2360
1672-422
1672-920
1673-1863
1673-1225
1674-2650
1675-852
1675-2585
1676-2409
1676-669
1676-1224
1676-2578
1676-1984
1676-1445
1677-2677
1677-293
1678-2177
1679-2987
1679-619
1679-1776
1679-1494
1679-2278
1680-2821
1681-2347
1682-374
1683-2821
1683-2446
1684-529
1685-871
1686-2927
1686-1471
1686-1805
1687-1344
1688-1586
1689-2636
1690-1032
1691-1840
1691-2979
1691-2605
1692-70
1692-601
1693-2630
1694-1643
1695-2034
1696-394
1697-190
1698-2606
1699-709
1700-399
1700-1235
1701-2898
1701-2499
1701-621
1702-1442
1702-2372
1703-217
1704-1100
1704-1148
1705-1751
1705-2641
1705-1633
1706-1429
1706-1031
1706-398
1706-2815
1706-257
1707-233
1707-633
1707-1487
1708-1229
1708-2344
1709-2210
1709-864
1709-3
1709-1708
1710-2020
1710-965
1710-2191
1710-2434
1711-1865
1712-1399
1712-71
1712-2978
1712-1635
1713-796
1714-1600
1714-640
1714-2125
1714-673
1714-2990
1715-199
1716-1378
1716-61
1716-1061
1716-818
1717-1693
1718-128
1719-2658
1719-224
1719-1642
1720-769
1720-341
1720-819
1721-2623
1721-1097
1722-1815
1722-2147
1722-2087
1723-1559
1724-652
1724-1147
1725-1937
1726-2304
1727-2167
1728-2789
1729-1305
1729-1392
1730-349
1730-1547
1731-1762
1731-417
1732-2559
1732-2719
1733-2011
1733-1126
1734-2486
1734-474
1734-2501
1734-65
1735-2455
1736-459
1736-173
1737-525
1737-1677
1737-252
1738-2366
1738-2179
1738-2430
1738-1951
1738-1159
1738-1077
1739-695
1739-2519
1740-1103
1740-2483
1741-190
1742-547
1742-562
1743-734
1743-2395
1744-1200
1744-2064
1744-2750
1745-567
1745-1796
1746-1149
1747-866
1747-1361
1748-1688
1748-1828
1748-968
1748-2868
1748-478
1748-2166
1748-1952
1749-318
1749-2298
1750-610
1750-1555
1751-1835
1751-1760
1752-1364
1752-1086
1752-1896
1753-2136
1754-1060
1754-2767
1755-945
1755-1194
1756-1061
1756-340
1756-1226
1756-980
1757-2485
1758-2968
1759-1896
1760-183
1760-2020
1760-1667
1761-2214
1762-1691
1763-1004
1764-851
1765-2913
1766-2941
1766-2421
1766-2466
1767-2693
1768-1213
1768-709
1768-1448
1769-630
1769-704
1769-2150
1769-572
1770-648
1771-634
1771-1732
1771-1644
1771-584
1771-1413
1772-460
1773-1918
1774-2165
1775-2060
1776-2976
1776-2385
1776-141
1776-2676
1777-456
1778-1491
1778-920
1779-95
1779-1404
1780-408
1780-343
1781-282
1781-528
1782-2613
1782-365
1782-859
1782-1762
1782-923
1782-1574
1782-691
1783-2385
1784-986
1784-2477
1784-2709
1784-2658
1784-516
1785-471
1786-2578
1786-734
1787-118
1787-1110
1788-115
1788-2092
1788-1111
1788-342
1789-2221
1789-1943
1790-1586
1791-649
1792-208
1793-2766
1793-494
1794-1943
1794-1086
1795-2074
1796-2019
1797-1215
1798-1888
1799-889
1799-2790
1800-86
1800-2138
1800-2739
1801-1735
1802-757
1802-2917
1802-358
1803-156
1803-1070
1803-1465
1803-2712
1803-1164
1804-2353
1804-1412
1804-1382
1804-948
1805-1446
1805-2221
1805-884
1806-664
1806-739
1807-192
1808-53
1808-449
1808-1688
1809-782
1810-1620
1811-2278
1812-2616
1812-2891
1813-805
1813-872
1813-553
1814-2872
1814-2236
1814-2909
1814-2189
1814-2990
1815-1599
1816-2432
1817-1671
1817-1862
1817-572
1817-397
1818-165
1819-1730
1819-1512
1819-1363
1819-2141
1820-2057
1820-2102
1820-2648
1820-2926
1820-160
1821-2196
1821-2885
1822-2957
1822-959
1823-2270
1824-2764
1825-2135
1825-1796
1825-1499
1826-366
1826-2560
1826-1382
1826-2769
1827-731
1827-2583
1827-771
1827-515
1828-1096
1829-1914
1830-2300
1831-1778
1831-2518
1831-917
1832-1042
1832-2254
1832-2200
1833-1843
1834-795
1835-1731
1835-1175
1835-2081
1836-2284
1836-2676
1837-2413
1837-206
1838-350
1839-12
1840-937
1840-413
1841-2969
1842-2886
1842-859
1843-650
1844-2579
1845-1201
1845-1304
1845-1371
1845-2210
1846-564
1846-1355
1846-2789
1847-1667
1848-1820
1849-948
1850-528
1850-1455
1850-1819
1850-2096
1850-324
1851-2776
1852-1088
1852-2405
1852-1062
1852-316
1853-2980
1854-2994
1855-2028
1856-28
1856-408
1856-1936
1856-1752
1857-20
1857-1391
1858-481
1859-1038
1860-1271
1861-1277
1862-1636
1863-279
1863-1362
1864-2947
1865-2085
1865-438
1866-564
1866-514
1867-1303
1867-280
1868-1495
1869-1157
1870-1273
1871-2469
1872-2467
1873-152
1873-2521
1873-2166
1874-1952
1874-2666
1875-2598
1875-2197
1876-2551
1876-298
1877-581
1878-542
1878-881
1879-1846
1879-1493
1880-1966
1881-797
1882-2365
1882-2768
1883-1546
1883-1115
1884-1267
1884-1644
1885-1441
1885-20
1886-1498
1887-2636
1888-1108
1889-2033
1890-440
1891-1492
1891-1044
1892-101
1893-842
1893-1603
1893-1188
1893-1015
1893-2561
1893-2803
1893-2741
1893-2522
1894-977
1894-2756
1894-2992
1894-130
1894-1243
1894-482
1895-448
1896-983
1897-2281
1898-1057
1898-1926
1899-290
1900-155
1900-910
1900-120
1900-2954
1900-2090
1901-1094
1902-966
1903-576
1903-1930
1904-2906
1904-1411
1905-443
1905-2068
1905-2259
1906-1197
1907-1992
1907-619
1908-1836
1908-476
1908-1894
1908-1039
1908-2625
1908-2359
1908-655
1909-1393
1909-2690
1910-1376
1911-1399
1911-446
1911-1893
1911-76
1912-2348
1913-1295
1914-2470
1915-1050
1916-675
1917-2413
1918-2658
1918-689
1919-2180
1919-192
1920-2879
1920-2310
1920-2489
1921-561
1922-2543
1923-2613
1923-2605
1923-1093
1923-377
1924-2461
1924-509
1925-800
1925-543
1926-647
1927-2345
1928-1372
1928-466
1929-445
1929-2998
1929-2644
1930-1168
1931-1921
1931-2252
1931-601
1931-470
1932-1510
1932-879
1933-1069
1934-2938
1935-127
1935-878
1935-1233
1935-687
1936-1577
1937-1297
1938-1507
1938-2372
1939-936
1940-2315
1940-2011
1940-250
1940-2143
1940-879
1940-91
1940-1704
1941-1194
1941-2233
1942-58
1942-2930
1942-1660
1943-53
1943-2919
1944-2785
1944-2387
1945-10
1946-1940
1947-1101
1947-2842
1947-146
1948-884
1948-1786
1949-1606
1949-447
1949-902
1950-865
1951-45
1952-1768
1953-2283
1954-411
1954-2832
1954-81
1954-2587
1954-2039
1955-2997
1956-914
1957-1894
1958-1280
1958-2673
1959-834
1959-2280
1959-2744
1959-241
1959-682
1959-1602
1959-256
1960-2467
1960-2437
1961-1353
1962-2555
1963-34
1964-2295
1964-903
1964-749
1965-919
1965-1215
1965-2141
1966-625
1967-2656
1967-2491
1968-2174
1968-2332
1968-1497
1968-377
1969-406
1969-2004
1970-1857
1970-1841
1971-2880
1972-2680
1972-2695
1972-2213
1973-1852
1974-1026
1974-706
1974-2518
1974-2250
1975-457
1976-1564
1977-1312
1977-1357
1977-996
1977-1875
1977-195
1977-1414
1978-296
1978-343
1978-1040
1979-72
1979-1903
1979-2928
1980-2490
1980-1573
1981-778
1982-1863
1983-330
1983-1047
1984-1670
1984-690
1984-2400
1985-2800
1985-1394
1985-328
1986-2459
1987-814
1988-2492
1988-2429
1988-1068
1989-2494
1990-453
1990-675
1991-2814
1991-1551
1992-856
1993-2172
1994-1655
1994-418
1995-481
1995-1800
1996-1785
1997-2375
1997-1895
1998-231
1998-1047
1999-492
2000-2360
2001-928
2001-2017
2001-508
2002-2076
2003-1028
2003-2306
2003-1478
2003-532
2004-522
2004-2662
2005-2885
2006-2844
2007-2373
2008-1342
2009-2573
2010-1029
2010-158
2010-2652
2010-461
2010-736
2011-703
2012-2217
2013-1139
2013-2609
2013-907
2013-357
2014-1317
2015-802
2016-1802
2016-1859
2016-2412
2016-2909
2016-826
2016-502
2016-1845
2016-810
2017-2692
2018-2775
2019-1741
2019-2469
2020-2010
2021-2105
2022-243
2023-1282
2023-2219
2024-857
2024-976
2024-909
2025-1347
2025-364
2026-2471
2026-2190
2027-1465
2027-98
2028-1130
2028-2670
2028-1914
2028-1877
2028-1782
2028-16
2028-1763
2029-2421
2029-1958
2030-955
2030-2089
2031-1333
2031-2664
2031-1035
2032-1270
2032-2752
2032-895
2032-527
2032-2346
2033-1693
2033-1464
2033-1623
2034-333
2035-2673
2036-372
2037-1453
2038-48
2039-2662
2039-1100
2040-2402
2041-2562
2041-470
2042-648
2042-2353
2043-2131
2043-1247
2044-1103
2044-1858
2044-2100
2045-1031
2046-2140
2047-146
2048-1433
2049-661
2050-2571
2051-651
2052-1875
2053-1588
2054-1042
2055-483
2056-2960
2056-237
2056-2451
2057-788
2058-1404
2058-1745
2059-2272
2059-2765
2060-1410
2060-1880
2061-1877
2061-2663
2061-27
2061-2139
2061-1213
2062-2983
2062-1718
2063-2157
2064-2728
2065-189
2065-1379
2066-1089
2067-185
2067-410
2068-7
2069-844
2070-2662
2070-2461
2071-475
2071-42
2072-2716
2072-2675
2072-2301
2073-1744
2073-2827
2074-2200
2074-2541
2075-1176
2076-616
2077-1098
2077-655
2077-996
2078-1687
2078-1229
2078-2103
2079-1603
2079-1519
2079-2863
2080-2458
2080-2584
2081-111
2081-487
2081-593
2081-2717
2082-98
2083-741
2084-1089
2085-1168
2086-700
2086-2211
2087-1318
2088-2117
2089-292
2089-992
2089-2641
2090-1111
2090-1826
2091-1066
2092-1093
2093-2397
2094-1369
2094-1814
2094-2503
2095-872
2096-601
2097-1663
2097-2522
2098-1845
2098-1422
2098-427
2099-2597
2100-1365
2101-1146
2102-2446
2103-2569
2104-1283
2105-742
2105-152
2106-1186
2106-5
2106-1040
2107-2885
2107-230
2108-2831
2108-1370
2108-1082
2108-213
2109-1883
2109-2258
2109-1530
2110-2624
2110-707
2110-179
2111-451
2111-1931
2111-1982
2112-1824
2112-164
2113-2812
2114-1655
2114-1201
2114-2256
2115-78
2115-1770
2115-1553
2116-1516
2116-2275
2116-1750
2116-1987
2117-449
2117-100
2117-1997
2118-126
2118-52
2118-750
2118-1821
2118-445
2118-1112
2119-2645
2120-1659
2121-1606
2122-1271
2123-913
2123-2976
2124-1179
2125-2853
2125-271
2126-515
2126-2393
2126-1863
2126-2913
2126-2784
2127-968
2127-466
2128-1591
2129-745
2130-86
2131-399
2132-946
2133-2674
2133-193
2134-2976
2134-2160
2135-2080
2136-2720
2136-378
2137-658
2137-269
2138-2607
2138-1639
2138-2956
2138-172
2139-2089
2139-2656
2139-222
2139-2044
2139-1331
2140-434
2141-2818
2142-2516
2143-179
2144-278
2145-1066
2145-2493
2145-1052
2145-1509
2146-568
2147-2703
2147-1213
2147-2599
2147-1922
2147-826
2147-1384
2147-2418
2147-1969
2147-452
2148-2641
2149-1377
2149-200
2150-946
2150-1205
2150-300
2151-711
2151-2533
2152-887
2152-2826
2152-1549
2152-2356
2152-2944
2153-2138
2153-395
2153-2311
2154-915
2154-2732
2154-959
2154-2801
2154-762
2155-918
2156-1286
2157-1813
2157-2236
2157-2376
2158-766
2159-1707
2159-1003
2160-566
2160-979
2160-463
2160-2759
2161-2572
2161-2275
2161-1468
2161-2159
2161-2776
2161-2252
2162-660
2163-124
2164-2775
2165-2077
2165-692
2165-1092
2166-863
2166-2209
2166-217
2167-1292
2167-1809
2167-2374
2167-2448
2168-42
2169-2318
2169-1910
2170-1787
2171-12
2171-1753
2171-2067
2172-1191
2173-1483
2174-10
2174-1105
2174-2356
2174-2305
2175-1729
2176-282
2177-2061
2177-401
2177-1948
2177-2168
2178-2893
2178-182
2178-583
2178-1998
2179-385
2179-769
2180-1194
2180-2856
2181-383
2181-1346
2181-2445
2182-2417
2183-1892
2183-2875
2184-2002
2185-831
2185-1712
2185-1408
2186-1012
2186-1381
2186-1717
2186-479
2186-509
2186-2948
2186-2095
2187-2639
2188-712
2189-1173
2189-601
2190-1172
2190-1300
2190-1467
2190-1068
2190-1711
2190-1787
2190-863
2191-128
2191-1130
2191-1628
2191-700
2191-612
2192-2294
2193-500
2194-1153
2194-1216
2195-1640
2196-310
2196-2438
2196-2229
2196-1622
2196-2315
2197-1534
2197-2883
2197-2730
2198-2999
2199-1815
2199-497
2200-1907
2201-459
2201-61
2201-1429
2201-2967
2202-2755
2203-1534
2204-2530
2204-2555
2204-1791
2205-2025
2206-550
2206-916
2206-451
2206-2734
2207-1660
2207-664
2207-1197
2208-2053
2208-581
2208-212
2209-2205
2209-1778
2209-105
2209-2435
2209-151
2210-988
2211-1239
2211-815
2212-1158
2213-236
2214-121
2215-1760
2216-2055
2217-1135
2218-2071
2218-2485
2218-1281
2219-922
2219-2735
2220-2500
2220-689
2220-1394
2220-345
2220-2824
2221-388
2221-25
2221-1985
2221-179
2221-2504
2222-172
2223-1876
2223-1836
2224-1950
2225-2292
2225-226
2226-2718
2227-1665
2228-778
2228-1869
2228-1138
2228-1462
2228-636
2228-2548
2228-2910
2228-1283
2228-2819
2229-991
2229-725
2229-156
2230-1017
2231-2500
2231-241
2232-1330
2232-2315
2233-1118
2234-2857
2235-16
2236-103
2236-2183
2236-610
2237-2784
2238-913
2239-311
2240-573
2240-1174
2241-1906
2242-2336
2242-1326
2243-332
2244-352
2245-2272
2246-177
2246-613
2246-86
2246-1938
2246-1532
2247-390
2247-816
2248-1312
2248-2253
2248-1612
2249-72
2249-296
2249-2422
2250-71
2251-445
2251-2745
2252-725
2253-2752
2253-1241
2253-1163
2253-1611
2254-2333
2255-2923
2256-990
2256-659
2257-2210
2258-1863
2258-2295
2258-1939
2259-560
2260-705
2261-730
2262-1105
2262-139
2262-941
2262-1401
2262-659
2262-2464
2262-954
2262-540
2262-1012
2262-2841
2263-2661
2264-106
2264-1124
2265-2403
2265-2005
2266-1297
2266-733
2267-1265
2268-511
2269-2341
2269-2732
2269-151
2270-13
2270-2307
2271-2210
2271-479
2271-2057
2271-1991
2271-1967
2272-643
2272-201
2273-2241
2274-1060
2275-2259
2276-855
2276-2130
2276-218
2277-1304
2278-1498
2278-891
2279-2763
2280-1605
2280-643
2281-571
2282-359
2282-693
2283-2845
2284-711
2285-1720
2286-2214
2287-601
2288-1626
2289-442
2290-2185
2290-180
2290-2375
2290-1343
2291-1682
2292-956
2293-1904
2293-127
2293-740
2294-2027
2295-2877
2296-1922
2296-2096
2297-313
2297-551
2298-1537
2298-749
2298-1008
2299-2091
2299-385
2299-593
2299-2878
2300-1628
2300-362
2301-457
2301-2242
2302-137
2302-2499
2302-223
2302-144
2302-779
2303-321
2303-295
2304-1775
2304-1141
2304-2799
2305-491
2305-2438
2305-1473
2306-588
2307-2490
2307-1761
2307-2052
2307-1105
2307-846
2307-2655
2308-2592
2309-2475
2310-2916
2311-558
2311-1778
2311-1332
2312-2460
2312-2879
2313-963
2313-2090
2314-1083
2314-2900
2314-2192
2315-461
2316-45
2317-1599
2317-1815
2317-585
2318-1356
2319-586
2320-339
2320-141
2320-615
2321-2441
2322-782
2322-2776
2322-542
2322-2004
2323-812
2323-2129
2323-575
2323-2739
2324-100
2324-2355
2324-1727
2324-795
2325-1523
2326-871
2326-64
2327-2245
2328-269
2329-2717
2329-2275
2329-1202
2329-1217
2329-451
2330-2506
2330-2600
2330-2088
2331-1540
2331-2841
2331-2276
2331-1153
2331-943
2331-2006
2332-1458
2333-2774
2334-2238
2334-496
2334-2910
2334-1824
2334-1443
2335-1291
2335-603
2336-1087
2336-1031
2337-419
2337-2322
2338-853
2338-1765
2338-1325
2338-2424
2339-677
2339-1518
2339-118
2340-1811
2341-130
2342-913
2342-1558
2342-2203
2342-1289
2342-2657
2342-1774
2342-1235
2343-927
2343-2055
2344-1135
2345-2818
2346-1605
2347-2837
2348-1878
2348-2554
2349-955
2349-2332
2350-30
2351-1086
2351-1787
2352-2947
2352-145
2353-147
2354-2052
2355-2192
2356-157
2357-1340
2357-2796
2358-601
2359-2897
2360-2893
2360-1558
2361-856
2361-540
2362-2474
2362-2769
2362-1138
2362-2691
2362-1873
2363-792
2363-54
2363-2615
2363-484
2363-2355
2363-297
2363-1807
2364-301
2365-819
2366-1130
2367-2951
2368-2737
2368-2582
2368-2324
2369-2137
2369-1141
2369-2218
2370-1797
2371-2074
2371-1090
2371-2943
2371-363
2372-1040
2373-1939
2373-571
2373-2113
2374-1478
2375-1389
2376-1246
2376-1563
2376-2724
2377-2027
2377-1014
2378-765
2378-2966
2379-2984
2380-2166
2381-2223
2382-241
2383-1688
2383-777
2383-255
2384-1022
2384-644
2384-301
2384-2511
2384-2375
2385-1942
2386-2972
2387-593
2388-2670
2389-1049
2390-493
2390-2464
2391-1505
2391-625
2391-2385
2391-811
2391-2382
2391-604
2391-2835
2392-1695
2392-2460
2392-2044
2392-404
2393-1689
2393-2854
2394-728
2394-2412
2395-445
2396-1894
2397-2357
2398-1150
2398-2070
2399-2577
2400-182
2401-1041
2402-2395
2402-2813
2402-82
2403-2817
2404-242
2405-1838
2406-769
2406-1237
2406-2887
2407-583
2408-2143
2408-1084
2408-1867
2409-2541
2410-1824
2411-1190
2411-1478
2411-2414
2411-1696
2411-1781
2412-1260
2413-2486
2413-1143
2414-2869
2415-2051
2415-1301
2415-575
2415-2076
2415-1505
2416-588
2416-2047
2416-921
2417-2205
2417-2263
2417-2856
2418-883
2419-37
2419-1790
2420-1909
2421-1343
2422-83
2423-2559
2424-1076
2425-1331
2425-2599
2426-1674
2427-156
2427-68
2428-122
2429-2625
2430-602
2431-387
2432-2791
2433-120
2433-2111
2434-2854
2434-1886
2435-147
2435-2812
2435-1906
2435-662
2436-2084
2436-2608
2437-1071
2438-1771
2439-867
2440-2750
2441-1055
2442-1914
2442-378
2443-300
2444-2144
2445-481
2445-2720
2446-2029
2447-2233
2447-114
2448-905
2449-2220
2449-353
2450-1580
2450-695
2451-2754
2452-215
2453-697
2453-2403
2454-1562
2454-1137
2454-2971
2454-742
2454-2457
2455-159
2456-1975
2456-2095
2457-2560
2458-566
2459-559
2460-2104
2460-1779
2461-2502
2461-1318
2462-2076
2462-2431
2463-481
2464-2277
2465-1896
2465-440
2465-2592
2466-1088
2467-1570
2468-2818
2469-2954
2469-1840
2469-884
2470-1519
2470-1080
2470-1070
2471-953
2471-1731
2471-494
2472-1180
2473-1251
2474-2380
2475-6
2476-1239
2476-545
2477-496
2477-2162
2477-90
2477-48
2478-823
2479-2692
2479-2442
2480-508
2481-788
2482-437
2483-2207
2484-1807
2485-923
2486-2761
2486-2138
2487-2534
2487-1518
2488-793
2488-2880
2488-2247
2489-981
2489-1892
2489-2631
2489-1158
2489-1141
2489-2715
2490-1149
2491-843
2491-2394
2492-1749
2493-2743
2494-2402
2494-2890
2494-336
2495-1841
2496-1927
2497-2163
2497-2649
2497-202
2497-1353
2498-1788
2498-802
2499-2941
2500-1319
2500-1560
2501-2940
2502-2526
2503-608
2503-235
2504-2913
2505-2258
2505-261
2506-2087
2506-1551
2506-1776
2507-101
2507-1474
2507-1901
2507-1446
2507-349
2508-578
2509-135
2510-403
2510-324
2511-1765
2512-545
2512-2561
2513-2544
2514-2195
2515-1830
2516-1028
2517-2641
2517-2246
2518-2115
2519-1409
2520-1427
2520-2285
2521-495
2521-1989
2522-2329
2522-953
2523-2919
2524-2897
2524-1585
2525-1954
2525-493
2526-1516
2526-2946
2526-2841
2526-1775
2527-22
2528-1381
2528-511
2528-2710
2528-1258
2528-2561
2528-1872
2528-763
2528-1238
2529-2122
2530-2565
2530-82
2530-2168
2530-2732
2531-763
2532-2418
2532-2158
2533-799
2533-1949
2534-1988
2535-1033
2535-1889
2536-877
2537-335
2538-606
2539-1089
2539-1189
2540-1624
2540-1256
2541-1174
2542-452
2543-557
2544-283
2545-1389
2545-2656
2546-1144
2546-438
2547-193
2547-530
2547-661
2548-1996
2549-845
2550-717
2551-1896
2551-550
2551-1582
2552-1859
2553-1109
2553-1708
2553-1677
2553-1636
2554-2604
2554-251
2554-2000
2554-556
2554-2453
2555-1149
2555-1440
2556-2152
2557-1952
2557-287
2557-2832
2557-1829
2557-1544
2557-2781
2558-2083
2559-2536
2560-293
2560-701
2561-787
2561-2728
2562-1393
2563-15
2564-1605
2565-714
2565-1505
2565-1667
2565-567
2565-1525
2565-983
2565-1528
2566-1127
2567-2897
2568-1790
2569-2904
2570-1655
2571-224
2572-1104
2573-136
2573-2967
2574-2620
2574-935
2574-455
2575-28
2575-2883
2575-413
2575-366
2576-2777
2577-2843
2578-1885
2578-2480
2579-1444
2580-737
2581-797
2581-780
2582-1037
2583-376
2583-2297
2584-2
2585-806
2585-2088
2586-293
2587-1067
2587-450
2587-179
2587-1271
2587-2302
2587-1485
2588-2320
2588-1592
2589-313
2589-577
2590-228
2591-1815
2592-1815
2592-2894
2593-1215
2593-2933
2593-485
2594-939
2594-2439
2594-1594
2595-443
2595-2599
2595-2731
2596-2362
2596-1937
2596-1480
2596-992
2597-1282
2597-1745
2597-112
2597-2809
2597-1048
2598-2019
2599-2201
2600-2562
2601-2967
2601-2005
2602-2918
2603-287
2603-425
2603-765
2603-114
2604-2906
2605-37
2606-817
2606-2362
2606-1169
2606-843
2606-1261
2606-417
2607-1928
2607-1390
2607-2706
2607-1157
2607-1188
2607-968
2608-2790
2608-2346
2609-277
2610-1919
2610-1972
2611-1574
2611-1483
2612-2101
2612-2434
2613-1225
2614-2999
2614-562
2615-1032
2616-2761
2616-1094
2617-175
2617-2478
2618-667
2618-550
2619-1116
2620-1752
2620-2266
2620-2110
2620-69
2620-1475
2621-978
2621-1336
2621-2012
2622-1877
2623-1020
2623-328
2624-2987
2625-731
2626-2805
2627-2042
2628-189
2628-1849
2629-995
2630-1332
2630-659
2630-2110
2630-2154
2631-1686
2632-564
2632-1562
2632-2578
2633-2487
2633-1393
2634-1575
2635-2221
2636-702
2636-2920
2636-2471
2636-50
2637-2002
2638-1607
2639-1337
2640-345
2641-1676
2642-2890
2643-1284
2644-2397
2645-1890
2646-1034
2646-2416
2647-1053
2647-383
2647-2796
2647-165
2647-2818
2647-2199
2647-2995
2647-2281
2648-135
2648-319
2649-1620
2649-1948
2649-347
2650-1817
2651-2635
2651-1574
2652-2964
2652-2828
2652-2866
2652-1584
2652-2230
2652-1099
2652-2071
2653-1950
2653-2812
2654-1627
2655-2799
2656-1728
2656-127
2657-2676
2658-2137
2658-1655
2658-895
2658-2071
2659-1950
2660-75
2660-83
2660-1248
2660-2778
2660-2984
2660-2534
2661-227
2661-1411
2661-2792
2661-1718
2662-2519
2662-2645
2662-1155
2663-605
2663-2639
2663-93
2663-1481
2664-982
2665-1484
2665-909
2666-462
2667-668
2667-1715
2667-661
2667-2808
2667-1600
2668-515
2668-1639
2669-897
2669-1069
2669-136
2670-1382
2670-2398
2671-1990
2671-1539
2672-1632
2672-2903
2673-1161
2673-475
2674-2005
2674-512
2674-1905
2675-2285
2676-191
2677-2522
2678-774
2678-1746
2678-2965
2678-748
2679-558
2680-925
2681-2516
2682-555
2682-1288
2683-2542
2683-1925
2683-370
2683-341
2683-2613
2684-1077
2684-2586
2685-916
2685-597
2685-1717
2686-1103
2687-1465
2687-2946
2687-2957
2687-85
2687-2077
2687-1000
2688-854
2688-2200
2689-2656
2690-2395
2690-2629
2691-2364
2692-278
2693-2507
2693-1446
2693-484
2693-507
2694-2881
2695-162
2695-2898
2696-515
2697-1988
2697-2416
2698-1151
2699-2061
2699-375
2700-2912
2701-1273
2701-963
2702-2705
2703-1800
2704-305
2704-2771
2705-880
2706-1933
2707-130
2707-1003
2707-655
2708-2570
2708-1808
2708-1947
2708-103
2709-1169
2710-1115
2711-1023
2711-1497
2712-2223
2713-1888
2713-1571
2713-1252
2713-371
2714-2342
2714-1884
2714-2310
2714-482
2715-681
2715-376
2715-1215
2715-2602
2715-1324
2715-585
2716-518
2717-1844
2718-1587
2718-273
2719-667
2720-2691
2720-1319
2721-2520
2722-1811
2723-2378
2724-2680
2724-269
2724-108
2725-1229
2725-921
2725-2782
2726-321
2727-252
2727-508
2727-2928
2727-2453
2728-635
2728-2068
2728-991
2729-1238
2729-1952
2729-2647
2730-2810
2730-881
2730-2393
2731-870
2732-277
2732-2262
2733-2473
2733-728
2733-1322
2734-2487
2734-1876
2734-591
2735-2003
2736-2260
2736-2163
2737-2827
2737-2303
2737-2542
2738-1181
2738-874
2739-1139
2739-1726
2740-2998
2741-1797
2741-559
2741-1551
2742-46
2742-539
2743-1832
2743-1371
2743-1259
2743-2574
2744-1393
2745-862
2746-62
2746-1852
2746-1042
2747-763
2748-370
2749-44
2750-1560
2750-2608
2750-1352
2751-886
2751-461
2752-2164
2753-1849
2753-663
2754-215
2754-752
2754-1293
2754-13
2755-1131
2755-1068
2755-1319
2755-2259
2756-1671
2756-2737
2756-1786
2757-1697
2757-2451
2758-57
2758-1301
2759-1848
2759-2172
2759-835
2759-2236
2760-1582
2761-2525
2761-162
2762-2322
2763-1872
2763-1022
2764-2054
2765-2084
2765-2229
2766-2231
2766-1944
2767-149
2768-2656
2769-1900
2770-775
2771-2899
2772-2438
2772-1866
2772-1836
2773-1748
2773-2247
2773-974
2773-704
2774-2982
2774-2729
2775-75
2776-1946
2776-1548
2776-2383
2777-2177
2778-54
2778-573
2779-2997
2780-2745
2781-225
2781-550
2781-1910
2782-2269
2783-1017
2784-278
2784-547
2785-1468
2786-915
2787-2304
2788-1930
2789-125
2790-1446
2791-1947
2791-830
2791-806
2792-1376
2792-1916
2793-2971
2793-491
2793-2712
2793-2951
2794-2709
2794-1443
2794-605
2795-635
2796-450
2796-2659
2797-1794
2797-2137
2797-1520
2798-1803
2799-2989
2799-1945
2799-407
2800-942
2800-1402
2800-2770
2800-2904
2801-1512
2802-645
2803-1517
2804-1357
2805-797
2805-1445
2805-1728
2806-2153
2807-283
2808-2812
2809-1374
2809-168
2809-2561
2809-1439
2809-1004
2809-142
2810-1724
2811-1775
2811-262
2812-536
2813-2828
2813-2090
2813-1982
2814-2619
2815-1125
2816-2949
2816-1885
2816-877
2817-1829
2818-2571
2818-2999
2818-1225
2818-2173
2818-651
2818-2976
2819-161
2820-862
2820-558
2821-2757
2821-2480
2821-642
2822-2707
2823-1929
2824-1095
2825-2515
2826-2691
2827-880
2828-1040
2828-1729
2829-179
2830-254
2830-2932
2830-2425
2831-2340
2831-755
2831-1808
2832-2501
2832-631
2833-757
2834-2810
2834-2652
2835-1260
2835-968
2836-239
2836-2599
2837-2532
2837-739
2837-2520
2838-1118
2838-1918
2838-927
2838-1346
2839-2244
2840-304
2841-342
2841-573
2842-2089
2842-2400
2842-40
2842-489
2843-2718
2844-221
2844-1149
2844-2200
2844-2628
2844-2209
2845-2730
2845-1204
2845-2985
2846-2064
2847-2301
2847-2004
2847-2202
2847-653
2847-2613
2848-1436
2849-1364
2850-2717
2851-1355
2852-1961
2852-1827
2853-265
2854-207
2855-1930
2855-290
2855-1790
2855-1501
2856-1914
2856-738
2857-528
2857-1741
2857-1972
2857-1214
2858-744
2859-2871
2860-1541
2860-1588
2860-2790
2861-1458
2861-681
2862-1953
2863-1809
2863-152
2863-2982
2864-267
2865-2172
2866-773
2866-550
2867-2965
2867-429
2867-1871
2867-571
2867-61
2867-1565
2868-196
2869-2529
2870-485
2870-1421
2870-1796
2870-412
2871-390
2872-2775
2873-2649
2873-1958
2874-2380
2874-1288
2875-1618
2876-177
2877-1268
2878-2651
2878-1192
2878-1269
2878-1672
2879-2537
2879-692
2879-1285
2880-1381
2881-2619
2882-2603
2882-1237
2882-739
2882-1666
2882-1108
2883-212
2883-1433
2884-2447
2884-1772
2884-714
2885-797
2886-1369
2887-1974
2887-1584
2888-2051
2888-769
2889-1941
2889-482
2890-2993
2891-2543
2892-2999
2892-1234
2893-625
2894-1578
2894-2118
2895-1312
2895-1051
2895-1704
2895-1934
2896-930
2896-306
2896-1441
2896-2650
2897-2333
2898-1473
2898-2942
2899-2169
2900-2973
2901-1759
2902-2905
2903-2381
2903-2594
2903-482
2904-1061
2905-2649
2906-448
2906-2782
2907-384
2908-1176
2908-2638
2908-493
2908-2449
2909-74
2910-2776
2911-2507
2911-29
2912-2951
2913-2278
2914-2087
2915-2393
2916-558
2917-1520
2918-1680
2918-2159
2918-1809
2918-2627
2919-593
2920-2663
2921-2147
2922-453
2922-2073
2923-2825
2923-2620
2924-2075
2924-1342
2925-293
2925-2604
2925-976
2925-1608
2926-2669
2926-823
2927-2303
2928-2092
2928-317
2929-1898
2930-271
2931-1055
2932-421
2932-1597
2932-2909
2933-359
2933-1757
2934-956
2934-791
2934-2777
2935-1042
2936-2076
2937-2952
2937-1
2938-1247
2938-1101
2939-2274
2940-1783
2940-1013
2941-448
2941-2551
2941-478
2942-1260
2943-1294
2943-206
2943-80
2944-2921
2944-2776
2945-1402
2945-2789
2946-851
2946-642
2947-1343
2948-1138
2948-74
2948-2691
2949-1477
2949-1093
2950-2760
2951-1155
2952-2734
2953-1790
2954-2781
2955-2274
2956-2033
2957-1255
2958-2267
2958-1736
2959-2338
2960-275
2961-617
2961-706
2962-1628
2963-1459
2964-715
2964-425
2964-1746
2964-948
2965-1286
2966-939
2966-58
2967-2417
2968-376
2969-1119
2969-2975
2969-336
2969-2692
2970-1024
2970-1435
2970-572
2971-6
2972-1238
2973-1333
2973-2595
2973-2730
2974-2927
2975-1371
2976-339
2977-333
2978-2003
2978-676
2978-763
2979-1182
2979-2244
2980-660
2981-1677
2982-2682
2982-1498
2983-2193
2983-1087
2983-1753
2984-1901
2985-670
2985-871
2985-2294
2986-2979
2986-2099
2986-1460
2986-91
2987-1997
2988-1493
2988-699
2989-2919
2990-1085
2991-144
2991-881
2991-2823
2991-1739
2991-1968
2991-54
2991-608
2992-2103
2993-1487
2994-874
2995-1908
2996-1721
2996-1573
2997-1991
2998-696
2998-485
2998-2774
2999-598
start-1878
start-336
end-973
end-1819
